1895.01 2.18 2.82 3.17 3.44 3.97 3.74 4.50 4.98 4.83
1895.02 0.81 0.75 0.83 0.73 0.92 0.87 0.56 0.51 0.28
1895.03 1.36 1.20 1.21 1.44 1.32 1.26 1.76 1.75 1.82
1895.04 2.15 2.33 2.21 2.25 2.12 2.12 2.44 2.28 2.22
1895.05 2.14 1.64 1.57 0.74 1.09 1.13 2.15 2.27 2.18
1895.06 2.51 2.14 1.97 3.12 2.67 1.83 3.12 3.76 3.48
1895.07 3.23 2.06 1.38 3.87 2.45 2.34 4.49 4.72 3.59
1895.08 3.44 3.31 2.94 1.94 1.77 1.90 1.43 1.64 1.67
1895.09 2.68 2.50 2.33 2.44 2.41 2.26 2.04 1.93 1.33
1895.10 0.64 0.85 0.96 0.67 0.65 0.90 0.54 0.73 0.98
1895.11 3.69 4.36 4.74 5.24 5.93 5.70 6.67 6.86 5.89
1895.12 5.70 5.69 4.70 4.75 4.10 3.75 3.64 4.04 3.90
1896.01 1.41 1.25 1.24 1.07 1.12 1.29 1.07 1.43 1.49
1896.02 2.09 1.88 1.82 1.96 1.94 1.93 2.31 2.56 2.62
1896.03 1.53 1.74 1.91 2.09 2.89 2.94 4.51 5.03 5.06
1896.04 3.18 1.81 2.30 1.86 1.97 2.49 1.12 0.83 0.66
1896.05 4.28 3.43 3.07 4.91 4.01 3.42 6.90 5.36 4.61
1896.06 4.22 4.07 4.21 4.68 4.07 4.45 4.23 4.43 4.61
1896.07 5.53 6.35 6.66 7.84 8.03 7.67 8.68 8.53 8.35
1896.08 6.02 6.78 6.61 5.55 5.21 5.72 4.15 4.30 2.49
1896.09 6.15 5.57 5.38 5.24 4.73 4.49 4.66 4.77 4.53
1896.10 0.75 0.90 0.91 1.29 1.21 1.13 1.29 1.48 1.49
1896.11 2.16 2.19 2.15 2.82 3.04 2.85 4.47 4.82 4.61
1896.12 0.45 0.46 0.94 0.89 1.36 1.59 1.69 1.84 1.86
1897.01 4.51 4.13 3.52 4.09 3.22 2.60 3.25 2.21 1.69
1897.02 1.35 1.72 1.79 2.09 2.48 2.47 4.31 4.81 5.30
1897.03 4.38 4.35 4.59 6.48 6.64 6.17 8.77 8.90 8.52
1897.04 4.57 4.29 3.64 3.94 3.59 3.25 5.15 5.36 5.02
1897.05 3.51 3.55 3.51 2.65 3.32 3.46 2.64 3.32 3.36
1897.06 4.75 3.60 3.17 5.08 4.50 3.66 4.24 5.17 4.20
1897.07 3.12 3.58 3.82 2.83 3.03 3.25 3.49 3.44 3.72
1897.08 2.38 2.28 1.94 1.19 1.62 1.88 0.75 1.08 1.50
1897.09 0.30 0.56 0.66 0.56 0.89 1.13 0.53 0.54 0.18
1897.10 1.49 2.06 1.90 1.37 1.00 0.82 0.85 0.78 0.56
1897.11 4.71 5.12 5.88 6.18 7.26 7.39 7.34 7.55 7.01
1897.12 2.66 2.62 2.33 2.56 2.41 2.30 2.89 3.07 2.84
1898.01 3.51 3.68 3.74 4.66 5.13 5.22 6.51 7.11 7.19
1898.02 2.96 2.49 2.49 2.10 1.77 1.74 0.92 1.11 1.11
1898.03 5.40 5.36 5.70 8.43 8.36 7.72 10.26 10.23 9.98
1898.04 2.47 1.99 1.77 2.20 1.80 1.95 2.39 1.96 1.91
1898.05 4.89 4.07 3.60 4.96 4.15 3.96 5.37 4.97 4.40
1898.06 3.76 3.53 3.24 4.10 3.81 3.64 4.17 4.25 3.58
1898.07 2.45 2.58 2.92 2.50 2.72 3.11 3.52 3.76 3.77
1898.08 4.07 3.87 3.35 3.22 2.98 3.25 2.94 3.17 3.70
1898.09 4.13 3.65 3.24 4.57 4.37 3.76 4.41 4.31 3.99
1898.10 5.12 4.92 4.39 4.65 4.47 4.59 4.39 4.60 4.37
1898.11 2.49 2.47 2.59 2.81 2.96 3.01 3.16 3.14 3.07
1898.12 1.63 1.84 2.06 2.03 2.38 2.57 2.19 2.66 2.77
1899.01 1.57 1.85 2.06 2.74 3.14 2.99 4.45 4.96 4.87
1899.02 1.96 1.72 1.63 1.98 1.95 1.93 2.78 3.10 3.29
1899.03 3.28 3.21 3.50 3.12 4.13 4.33 5.48 6.45 6.63
1899.04 1.29 1.55 1.47 1.32 1.40 1.39 2.19 2.00 1.72
1899.05 5.08 3.89 3.49 3.99 3.29 3.08 4.50 4.49 3.98
1899.06 3.65 3.17 3.03 3.03 2.71 2.22 2.22 3.01 2.77
1899.07 3.20 3.37 3.37 3.10 3.16 3.15 3.25 3.37 3.34
1899.08 3.10 2.90 2.08 3.59 3.50 3.16 3.02 2.75 2.75
1899.09 1.95 1.98 2.24 1.66 1.56 1.46 1.68 1.79 1.63
1899.10 3.60 3.26 2.88 3.09 2.78 2.69 2.88 2.69 2.42
1899.11 1.36 1.67 1.73 2.38 2.70 2.49 3.79 3.51 2.77
1899.12 2.44 2.52 2.64 2.74 3.11 3.18 3.75 4.08 3.91
1900.01 1.18 1.05 1.24 1.10 1.56 1.86 1.96 2.70 2.89
1900.02 4.90 3.98 3.69 3.90 3.15 3.13 3.20 3.76 4.04
1900.03 2.15 1.99 2.02 1.95 1.95 2.04 1.93 2.01 2.12
1900.04 1.75 1.70 1.93 1.57 1.75 1.95 1.52 1.35 1.20
1900.05 4.66 4.49 3.89 5.34 4.63 3.82 6.10 4.43 3.61
1900.06 4.18 4.14 3.49 6.27 5.57 5.35 6.62 7.19 6.98
1900.07 4.92 5.36 5.16 4.49 4.59 4.24 4.25 4.20 4.44
1900.08 4.56 4.46 3.86 3.54 3.07 3.03 2.80 2.73 2.59
1900.09 3.38 2.61 1.99 1.98 1.64 1.60 1.94 1.80 1.72
1900.10 2.12 2.22 2.00 2.99 2.68 2.46 2.76 3.13 2.85
1900.11 2.25 2.45 2.64 3.53 4.16 4.23 5.76 6.61 6.93
1900.12 0.62 0.50 0.68 1.03 1.13 1.13 1.96 1.91 1.70
1901.01 1.70 1.53 1.45 1.34 1.28 1.33 1.24 1.43 1.47
1901.02 1.88 1.62 1.67 1.81 1.82 1.75 1.41 1.44 1.23
1901.03 3.02 2.95 2.84 3.46 3.31 3.15 4.32 4.06 3.37
1901.04 1.92 2.13 2.55 2.69 3.02 3.41 2.59 2.94 3.00
1901.05 2.75 2.80 2.88 2.04 2.63 3.06 1.67 2.76 2.98
1901.06 4.53 4.17 4.07 4.94 4.30 4.34 3.78 4.58 4.75
1901.07 2.56 2.78 2.59 0.81 0.94 1.00 0.25 0.28 0.66
1901.08 2.49 2.75 3.03 2.89 3.09 3.48 3.25 3.71 3.49
1901.09 1.89 1.52 1.27 1.15 1.04 1.34 1.74 1.94 2.62
1901.10 3.87 4.49 3.98 4.22 3.06 2.35 3.29 2.90 1.74
1901.11 1.16 1.06 0.94 1.36 1.24 1.17 1.79 1.44 1.30
1901.12 2.90 3.25 3.35 3.76 4.02 3.97 4.39 4.83 4.59
1902.01 0.45 0.26 0.36 0.79 1.07 1.03 2.53 3.03 3.15
1902.02 0.83 0.68 0.83 1.08 1.22 1.13 1.06 1.04 0.94
1902.03 3.25 2.80 2.88 3.28 2.95 2.81 3.16 3.22 3.31
1902.04 2.33 2.20 2.15 2.20 1.98 2.07 2.02 1.72 1.72
1902.05 3.33 3.53 3.79 5.11 4.62 4.28 5.32 4.49 4.30
1902.06 7.72 7.29 7.49 8.60 7.87 9.84 6.82 6.08 5.58
1902.07 4.69 5.19 4.74 3.24 3.25 2.92 2.08 2.04 1.97
1902.08 3.03 2.48 1.76 2.53 1.79 1.40 2.40 2.32 2.51
1902.09 4.80 4.80 4.81 4.95 4.76 4.55 4.86 5.01 4.58
1902.10 2.92 2.97 2.77 2.64 2.44 2.65 2.31 2.48 2.44
1902.11 2.22 2.39 2.43 3.31 3.68 3.39 5.28 5.35 4.72
1902.12 2.60 2.53 2.64 3.35 3.84 3.77 5.84 6.13 5.71
1903.01 1.73 1.96 2.03 2.19 2.27 2.27 2.39 2.74 2.64
1903.02 3.18 3.47 3.35 3.41 3.60 3.61 5.63 6.38 7.00
1903.03 2.30 2.40 2.63 2.53 2.80 3.00 3.40 3.59 3.81
1903.04 4.82 4.43 4.15 4.36 4.36 4.40 4.35 4.50 4.27
1903.05 2.53 2.63 2.92 3.37 3.30 3.33 3.55 3.52 3.57
1903.06 3.28 3.69 3.62 4.14 3.76 4.18 3.54 3.65 3.95
1903.07 4.03 4.12 3.81 3.36 3.31 3.05 2.94 3.05 3.05
1903.08 4.46 4.39 3.79 4.58 3.74 3.02 3.99 3.37 2.60
1903.09 3.41 2.66 2.08 1.88 1.59 1.61 1.42 1.23 0.87
1903.10 2.91 2.79 2.63 2.76 2.58 2.93 2.43 2.76 2.83
1903.11 1.00 1.17 1.21 1.55 1.80 1.87 2.49 2.63 2.67
1903.12 2.18 2.21 2.04 2.01 1.98 2.02 2.17 2.43 2.31
1904.01 2.95 3.30 3.36 4.10 4.22 4.29 4.67 5.04 4.70
1904.02 2.32 2.53 2.64 2.34 2.60 2.52 2.54 2.72 2.66
1904.03 4.82 5.12 5.22 7.98 8.46 7.86 10.81 10.84 10.06
1904.04 3.65 3.49 3.30 3.70 3.53 3.72 2.92 2.67 2.73
1904.05 3.75 3.57 3.70 3.43 3.32 3.20 2.98 3.28 3.23
1904.06 3.21 2.76 2.66 3.46 3.03 2.52 2.91 3.47 3.16
1904.07 3.48 3.44 3.17 2.91 2.49 2.53 2.88 2.96 2.49
1904.08 3.43 3.09 2.58 2.48 1.92 1.75 2.23 2.26 2.35
1904.09 4.80 3.93 3.14 3.74 3.35 3.02 3.29 3.03 2.47
1904.10 1.77 1.97 1.78 0.93 0.84 1.22 0.16 0.51 0.86
1904.11 0.00 0.07 0.00 0.34 0.32 0.26 1.06 0.71 0.50
1904.12 1.90 2.21 2.78 2.91 3.65 3.80 4.56 4.85 4.50
1905.01 1.64 1.67 1.71 2.07 2.08 1.85 2.71 2.79 2.52
1905.02 1.50 1.54 1.63 1.88 2.13 2.03 2.42 2.54 2.47
1905.03 2.48 2.24 2.30 2.13 2.26 2.32 2.73 3.00 3.02
1905.04 3.74 4.12 3.67 4.03 3.89 3.86 3.53 3.31 3.29
1905.05 4.68 5.06 5.53 6.54 6.67 6.62 6.22 6.31 6.36
1905.06 4.66 4.28 4.49 3.39 2.88 3.07 2.88 3.56 3.93
1905.07 4.34 4.10 3.61 5.18 4.48 3.90 5.12 4.96 4.85
1905.08 5.41 5.57 4.59 5.60 5.61 5.79 4.33 4.12 4.06
1905.09 3.43 3.55 3.60 3.58 3.58 3.60 3.45 3.58 3.14
1905.10 4.52 4.40 4.09 5.21 4.97 5.02 5.32 5.67 5.28
1905.11 1.66 1.69 1.76 2.32 2.68 2.63 3.77 3.85 3.63
1905.12 1.70 1.67 1.70 2.14 2.28 2.25 3.30 3.47 3.19
1906.01 2.88 2.58 2.51 3.01 2.96 2.55 3.83 3.53 3.04
1906.02 2.36 1.56 1.42 1.64 1.18 1.18 0.73 0.88 0.84
1906.03 2.78 3.09 3.20 4.56 5.13 4.86 7.41 7.56 7.02
1906.04 2.43 2.68 2.58 2.36 2.30 2.32 1.74 1.34 1.30
1906.05 2.59 2.37 2.40 2.15 2.06 1.97 2.50 2.46 2.36
1906.06 3.65 3.48 3.43 3.41 2.97 2.83 3.49 3.97 4.03
1906.07 2.08 2.83 3.63 2.19 2.82 3.40 3.82 3.69 4.48
1906.08 4.96 5.04 4.36 4.98 4.82 5.07 4.27 4.27 4.34
1906.09 4.46 3.52 2.64 4.33 4.04 3.75 4.58 4.57 5.01
1906.10 3.12 2.95 2.70 1.47 1.66 2.55 0.79 1.27 1.96
1906.11 2.70 2.74 2.66 3.75 3.94 3.50 5.87 5.90 5.15
1906.12 3.09 3.36 3.42 3.86 4.16 4.07 5.11 5.45 5.01
1907.01 4.66 4.91 5.09 6.37 6.99 7.08 8.54 9.11 8.75
1907.02 0.24 0.12 0.00 0.00 0.12 0.16 1.07 1.29 1.45
1907.03 3.53 3.86 4.14 4.36 5.38 5.74 4.96 5.62 6.24
1907.04 3.55 3.02 3.12 2.83 2.75 2.86 2.37 2.34 2.26
1907.05 3.46 2.92 2.67 3.24 3.43 3.50 4.97 4.78 4.49
1907.06 4.54 4.07 4.05 5.30 4.57 4.64 4.79 5.24 5.17
1907.07 4.74 5.10 5.06 4.82 4.72 4.72 5.12 5.25 4.66
1907.08 3.79 3.33 2.45 4.63 3.76 3.10 4.57 4.10 4.23
1907.09 3.59 3.56 3.73 2.55 2.10 1.91 3.04 3.17 2.91
1907.10 2.40 2.75 2.73 2.83 2.68 2.99 2.64 3.08 3.07
1907.11 1.70 1.94 1.90 2.62 2.78 2.56 3.94 3.92 3.46
1907.12 3.38 4.07 4.17 4.01 4.23 4.26 4.01 4.44 3.96
1908.01 1.57 1.43 1.42 1.43 1.48 1.52 1.71 1.98 1.97
1908.02 5.35 5.16 5.00 5.58 5.46 5.30 6.18 6.70 6.78
1908.03 3.16 3.34 3.76 3.43 4.46 4.86 4.73 5.60 6.34
1908.04 4.17 3.89 3.35 3.97 3.91 3.84 5.42 5.68 5.26
1908.05 7.25 6.40 5.95 7.98 6.08 5.03 6.92 5.64 4.70
1908.06 2.13 1.62 1.78 1.80 1.37 0.44 2.71 3.14 2.88
1908.07 2.92 3.17 3.30 2.52 2.63 2.84 2.97 3.06 3.09
1908.08 2.70 2.68 2.69 1.53 1.42 1.64 1.47 1.87 1.72
1908.09 0.64 0.83 0.81 1.01 1.24 1.22 1.18 1.11 0.66
1908.10 0.31 0.43 0.56 0.23 0.28 0.64 0.02 0.33 0.74
1908.11 1.91 1.73 1.38 2.21 1.78 1.39 2.92 2.52 2.07
1908.12 1.40 1.26 1.42 1.08 1.52 1.82 1.68 2.06 2.29
1909.01 2.18 2.05 2.15 2.15 2.54 2.84 2.87 3.50 3.63
1909.02 4.12 4.39 4.31 4.93 5.12 5.04 7.36 8.15 8.74
1909.03 2.12 2.04 2.13 2.42 2.68 2.63 3.70 3.97 3.95
1909.04 7.12 5.40 4.78 4.74 4.12 3.78 5.44 5.65 5.22
1909.05 3.84 3.89 3.93 4.99 5.10 5.31 5.26 5.42 5.36
1909.06 5.07 5.05 5.21 5.71 4.94 5.77 4.68 5.05 5.67
1909.07 4.32 3.87 3.44 6.09 5.53 4.85 6.15 6.27 5.90
1909.08 3.83 3.79 3.02 3.01 3.30 3.54 2.03 2.10 2.45
1909.09 3.04 2.55 2.02 2.97 2.98 2.92 2.62 2.53 2.33
1909.10 3.73 3.95 3.78 4.26 3.50 3.68 3.57 3.86 3.37
1909.11 3.60 3.10 2.85 3.44 3.01 2.57 3.79 3.30 2.65
1909.12 3.25 3.04 2.83 2.86 2.84 2.72 3.39 3.43 3.20
1910.01 1.91 1.85 2.21 1.84 2.81 3.53 3.09 4.40 4.89
1910.02 2.16 2.51 2.61 2.42 2.72 2.72 3.73 4.19 4.57
1910.03 0.47 0.40 0.20 0.36 0.12 0.06 0.32 0.02 0.00
1910.04 3.85 3.09 3.09 3.03 3.02 3.08 3.79 4.09 3.79
1910.05 4.86 3.95 3.42 3.91 3.59 3.40 4.84 4.63 4.09
1910.06 1.04 1.22 1.45 1.85 1.37 0.75 3.39 3.45 3.70
1910.07 3.78 3.07 2.86 6.64 6.01 5.40 7.71 7.81 7.69
1910.08 2.63 2.47 2.18 2.35 1.98 1.53 2.19 2.02 1.62
1910.09 4.68 4.30 3.87 4.83 4.76 4.75 4.59 4.71 4.63
1910.10 5.20 5.58 5.33 5.94 5.36 5.71 5.42 6.03 5.53
1910.11 1.33 1.55 1.57 1.72 1.88 1.86 2.32 2.34 2.11
1910.12 1.47 1.51 1.64 1.65 1.99 2.17 2.40 2.78 2.79
1911.01 1.90 2.00 2.33 2.16 2.91 3.51 3.02 4.15 4.39
1911.02 2.11 1.64 1.60 1.80 1.56 1.52 1.81 2.10 2.30
1911.03 1.71 1.79 1.76 2.15 2.36 2.34 2.93 2.95 2.82
1911.04 4.56 5.09 4.24 5.31 5.27 5.09 6.53 6.88 6.59
1911.05 2.57 2.57 2.65 2.07 2.19 1.81 2.74 2.28 2.13
1911.06 3.69 3.89 3.75 4.08 3.64 3.83 3.51 4.02 4.39
1911.07 2.53 2.46 2.33 1.55 1.68 1.73 1.31 1.60 1.67
1911.08 3.98 3.65 2.96 2.89 2.93 3.32 2.57 2.85 4.07
1911.09 8.26 6.34 4.90 6.68 6.30 6.67 4.56 4.54 4.92
1911.10 4.61 4.51 4.17 3.65 3.96 5.02 3.04 4.13 4.79
1911.11 2.65 2.65 2.63 3.16 3.29 3.12 4.33 4.58 4.35
1911.12 1.56 1.22 1.57 1.88 2.74 2.97 4.32 4.79 4.96
1912.01 1.29 1.58 1.76 2.13 2.30 2.12 2.92 3.22 2.99
1912.02 1.92 2.03 2.06 2.32 2.60 2.52 3.15 3.34 3.31
1912.03 2.19 2.43 2.72 3.98 4.53 4.34 6.18 6.52 6.70
1912.04 4.32 4.21 3.58 4.67 4.50 4.43 6.27 6.72 6.45
1912.05 4.33 4.18 4.30 4.56 4.43 3.74 5.50 4.56 4.20
1912.06 2.34 2.25 2.32 3.24 2.84 2.57 3.32 3.28 3.01
1912.07 4.61 5.43 5.69 4.60 5.08 5.05 5.06 5.03 5.32
1912.08 5.23 5.55 5.02 6.13 5.70 5.50 5.37 4.97 4.10
1912.09 3.43 3.52 3.49 3.31 3.20 3.10 3.49 3.55 3.01
1912.10 3.38 2.61 2.30 1.98 1.91 2.34 1.68 1.59 1.86
1912.11 2.14 2.24 2.01 2.16 1.70 1.47 1.73 1.44 1.07
1912.12 0.78 0.41 0.64 0.51 1.16 1.50 2.38 2.72 2.88
1913.01 3.05 4.06 4.74 6.65 7.89 7.96 10.69 11.99 11.67
1913.02 1.63 1.37 1.35 1.38 1.33 1.32 1.66 1.91 2.05
1913.03 4.70 5.49 5.89 7.58 9.42 9.41 11.59 12.54 12.44
1913.04 3.70 3.53 3.65 3.48 3.59 3.77 2.72 2.79 2.76
1913.05 2.31 2.39 2.83 2.79 2.92 3.24 2.52 3.20 3.48
1913.06 2.10 1.96 1.80 2.20 2.02 1.31 2.39 2.68 2.22
1913.07 3.38 4.62 5.28 1.95 3.32 3.75 2.19 2.44 3.07
1913.08 3.63 3.74 3.36 3.20 3.11 3.25 2.56 2.68 2.24
1913.09 2.92 2.84 2.57 2.94 3.01 3.12 2.89 2.92 2.59
1913.10 3.76 3.54 3.22 3.35 3.36 3.63 3.25 3.52 3.58
1913.11 2.82 2.86 3.09 3.74 4.17 4.06 5.00 4.79 4.26
1913.12 0.39 0.23 0.52 1.00 1.19 1.23 1.76 1.83 1.88
1914.01 2.37 2.42 2.36 2.33 2.25 2.12 2.06 2.09 1.97
1914.02 1.95 2.07 2.17 2.69 2.96 2.90 3.90 4.20 4.38
1914.03 1.89 1.93 1.93 2.29 2.46 2.42 3.34 3.38 3.17
1914.04 3.49 2.73 3.46 3.04 3.50 3.99 2.47 2.98 2.92
1914.05 3.26 3.26 3.29 2.64 2.71 2.59 2.11 2.41 2.38
1914.06 3.78 3.27 3.25 2.24 2.06 1.68 1.35 2.06 1.82
1914.07 2.06 1.97 2.00 1.45 1.70 1.80 1.62 1.88 2.25
1914.08 4.21 4.57 4.57 4.81 4.77 5.14 4.79 4.98 4.75
1914.09 3.11 2.37 1.67 2.48 2.30 2.18 2.42 2.28 2.24
1914.10 1.49 1.11 1.12 2.00 2.73 2.89 3.05 3.46 3.91
1914.11 1.07 1.12 1.09 1.07 1.05 1.13 1.09 1.00 1.04
1914.12 1.77 1.78 2.08 2.64 3.14 3.20 3.92 4.34 4.40
1915.01 1.93 1.91 2.16 2.67 3.25 3.38 4.49 5.17 5.10
1915.02 2.07 1.66 1.82 1.86 1.65 1.57 1.05 1.19 1.25
1915.03 0.96 0.98 0.92 0.98 1.07 1.11 1.43 1.42 1.40
1915.04 1.45 2.10 2.04 1.88 1.86 1.90 1.23 0.75 0.78
1915.05 4.79 4.09 3.84 6.66 5.75 5.33 8.69 7.15 6.45
1915.06 3.49 3.26 3.69 3.21 2.80 3.13 3.93 3.40 3.10
1915.07 5.57 5.85 5.57 6.76 6.41 5.91 6.65 6.65 5.96
1915.08 5.72 6.03 5.80 7.10 6.11 6.17 7.00 6.91 5.92
1915.09 5.09 4.48 4.29 3.47 2.90 2.86 3.36 3.49 3.53
1915.10 0.50 0.89 1.03 1.19 1.62 1.87 1.56 2.17 2.58
1915.11 1.47 1.39 1.41 2.20 2.67 2.53 4.49 4.78 4.55
1915.12 2.35 2.72 2.80 3.77 4.08 3.96 5.78 6.22 5.62
1916.01 5.07 5.06 5.06 7.13 7.31 6.96 9.71 9.60 8.62
1916.02 0.88 0.96 0.99 0.90 1.14 1.13 1.82 2.04 2.18
1916.03 2.90 2.80 3.05 1.87 2.55 3.11 1.84 2.59 3.30
1916.04 2.63 2.59 2.84 2.24 2.61 2.73 2.27 2.39 2.12
1916.05 5.11 4.65 4.46 4.74 4.32 3.95 4.51 4.37 3.99
1916.06 6.67 6.18 5.73 7.07 6.40 6.94 5.72 6.42 6.20
1916.07 1.71 1.24 1.36 2.32 2.52 2.57 2.96 3.44 3.59
1916.08 3.25 2.99 2.58 3.35 2.90 2.75 3.46 3.47 3.67
1916.09 3.50 3.25 2.97 2.73 2.39 2.16 3.28 3.25 2.94
1916.10 2.91 2.51 2.12 1.95 2.05 2.01 1.97 1.80 1.89
1916.11 2.10 1.84 1.76 1.96 1.78 1.73 1.96 1.65 1.55
1916.12 2.61 2.93 2.89 3.10 3.23 3.22 3.67 4.04 3.70
1917.01 1.11 1.15 1.65 2.20 3.21 3.46 5.04 6.16 6.22
1917.02 0.00 0.29 0.34 0.45 0.96 0.94 2.28 2.50 2.67
1917.03 2.29 2.44 2.59 2.93 3.58 3.56 5.33 5.73 5.53
1917.04 4.60 4.36 3.68 4.14 3.78 3.56 4.74 4.70 4.45
1917.05 4.63 4.69 4.48 5.61 5.15 4.86 5.10 4.66 4.30
1917.06 5.64 5.33 5.31 5.52 5.06 5.84 4.71 4.65 4.32
1917.07 2.79 2.94 3.10 2.99 3.20 3.26 3.48 3.63 3.82
1917.08 2.83 2.73 2.43 2.57 2.48 2.47 2.45 2.57 2.63
1917.09 1.97 1.63 1.37 1.76 1.76 1.81 1.81 1.85 2.02
1917.10 5.52 5.57 5.22 4.59 4.41 5.51 3.58 4.51 4.83
1917.11 0.30 0.33 0.14 0.59 0.43 0.36 1.12 0.79 0.66
1917.12 1.18 1.25 1.27 1.16 1.25 1.39 1.46 1.66 1.54
1918.01 1.56 1.56 1.96 2.59 3.33 3.34 4.98 5.67 5.43
1918.02 2.33 2.15 2.15 1.82 1.77 1.73 1.47 1.66 1.64
1918.03 1.56 1.71 1.68 1.34 1.89 2.14 2.05 2.32 2.34
1918.04 4.37 4.61 3.53 4.53 3.97 3.74 4.70 4.18 4.04
1918.05 4.29 4.12 4.43 5.49 4.91 4.71 5.15 5.00 4.89
1918.06 2.89 2.70 2.46 3.78 3.41 2.97 3.80 4.02 3.52
1918.07 2.78 2.44 2.33 3.19 3.33 3.16 3.20 3.71 3.51
1918.08 4.04 3.82 3.08 3.42 3.18 3.22 2.84 2.85 3.19
1918.09 3.75 3.96 4.08 4.66 4.78 4.64 4.22 4.36 3.78
1918.10 3.07 2.83 2.52 2.75 2.88 2.83 3.01 2.99 2.98
1918.11 2.51 2.38 2.26 2.38 2.13 1.98 2.30 2.15 1.91
1918.12 4.06 4.94 5.13 5.41 5.58 5.37 5.92 6.15 5.22
1919.01 0.37 0.27 0.44 0.43 0.78 0.88 1.54 2.17 2.39
1919.02 1.69 1.34 1.42 1.70 1.62 1.53 1.37 1.45 1.40
1919.03 3.27 3.31 3.37 4.30 4.91 4.73 6.37 6.77 6.43
1919.04 3.90 3.11 3.48 2.79 3.02 3.16 2.72 3.07 2.82
1919.05 4.64 3.88 3.60 4.33 4.40 4.48 5.76 5.81 5.46
1919.06 3.91 2.83 2.69 4.06 3.51 2.67 4.02 4.53 3.57
1919.07 2.32 2.96 3.40 0.88 1.71 2.23 1.20 1.49 1.81
1919.08 3.12 2.87 2.44 1.83 2.05 2.52 1.64 2.09 3.09
1919.09 3.25 2.78 2.44 2.55 2.35 2.19 2.20 2.08 1.68
1919.10 7.73 7.51 6.94 9.00 8.58 8.64 9.19 9.82 8.97
1919.11 1.93 1.55 1.61 2.87 3.42 3.39 5.70 6.18 6.43
1919.12 0.45 0.29 0.36 0.54 1.00 1.30 2.44 2.90 2.89
1920.01 0.78 0.69 0.96 1.34 1.97 1.94 3.62 4.32 4.50
1920.02 0.51 0.54 0.55 0.56 0.82 0.81 1.35 1.46 1.46
1920.03 3.52 3.29 3.29 4.37 3.70 3.35 5.02 4.49 3.79
1920.04 5.27 5.27 5.26 5.80 6.32 6.62 5.73 6.53 6.38
1920.05 3.49 2.80 2.28 3.89 3.18 2.98 5.32 4.35 3.75
1920.06 4.18 4.05 4.21 2.91 2.53 2.74 1.67 2.51 3.11
1920.07 3.03 3.44 3.69 3.58 4.17 4.01 3.71 3.85 4.29
1920.08 2.53 2.55 2.67 2.85 2.99 3.34 3.44 3.87 4.35
1920.09 2.47 2.55 2.64 2.99 2.95 2.60 3.23 3.29 3.01
1920.10 2.34 2.29 2.18 2.30 2.04 2.27 1.94 2.17 2.17
1920.11 1.58 1.71 1.93 1.83 2.31 2.48 2.54 2.75 2.70
1920.12 3.73 3.86 3.41 3.11 2.88 2.80 3.06 3.22 2.77
1921.01 1.20 1.26 1.48 1.95 2.34 2.51 3.30 3.98 3.87
1921.02 0.79 1.14 1.21 1.14 1.61 1.58 2.51 2.73 2.83
1921.03 4.80 4.62 5.01 5.43 5.85 5.96 5.92 6.54 7.10
1921.04 5.19 4.38 4.07 4.19 4.13 4.19 4.16 4.15 3.85
1921.05 2.15 2.24 2.40 2.04 2.41 2.83 1.87 2.67 2.89
1921.06 3.26 3.08 2.80 4.17 3.87 3.63 3.66 3.77 3.13
1921.07 2.36 2.49 2.60 1.63 2.06 2.20 1.69 1.99 2.26
1921.08 5.21 5.49 5.31 5.87 5.08 5.13 5.65 5.60 4.70
1921.09 6.72 5.64 4.69 6.00 5.58 5.43 5.47 5.46 5.49
1921.10 3.42 3.48 3.17 3.00 2.67 2.75 2.55 2.59 2.39
1921.11 2.61 3.18 3.80 4.98 6.41 6.47 8.43 9.14 8.81
1921.12 3.12 3.30 3.39 3.50 3.81 3.78 4.47 4.72 4.37
1922.01 1.26 1.18 1.24 1.41 1.51 1.50 2.02 2.33 2.22
1922.02 1.44 1.44 1.46 1.20 1.30 1.20 1.92 2.24 2.50
1922.03 4.39 4.36 4.60 7.04 7.12 6.47 9.50 9.55 9.11
1922.04 6.00 6.50 5.76 6.00 6.34 6.16 5.88 6.10 5.68
1922.05 3.57 3.39 3.52 3.46 3.70 4.06 3.20 4.11 4.23
1922.06 2.34 2.67 2.72 1.56 1.42 1.28 1.52 1.92 2.30
1922.07 3.47 3.54 3.39 3.46 3.30 3.12 3.59 3.54 3.72
1922.08 3.06 3.02 2.65 1.68 2.00 2.47 1.11 1.54 1.91
1922.09 2.25 2.23 2.47 1.56 1.28 1.11 1.91 2.02 1.91
1922.10 3.10 3.30 3.07 3.23 2.70 2.59 2.85 2.78 2.33
1922.11 2.09 1.81 1.61 2.23 2.07 1.73 3.20 2.78 2.15
1922.12 2.35 3.01 3.32 4.07 4.38 4.25 5.46 5.75 4.98
1923.01 1.30 1.47 1.83 2.09 2.82 2.89 4.00 4.82 4.94
1923.02 1.28 1.38 1.23 1.43 1.69 1.68 3.22 3.60 3.83
1923.03 3.68 3.26 3.32 3.96 3.55 3.32 4.33 4.25 3.98
1923.04 2.34 2.04 2.08 2.14 2.10 2.17 3.09 3.28 3.08
1923.05 4.84 4.82 4.45 5.89 5.39 4.81 6.24 5.08 4.48
1923.06 3.64 3.06 3.02 3.63 3.05 2.52 3.66 4.36 4.20
1923.07 3.08 3.27 3.34 3.38 3.87 3.63 3.29 3.54 3.92
1923.08 4.18 4.22 3.97 5.18 4.71 4.87 5.39 5.51 5.45
1923.09 3.88 3.52 3.30 3.61 3.45 3.33 3.25 3.30 3.09
1923.10 4.28 3.83 3.35 3.54 2.85 2.62 3.07 2.55 1.98
1923.11 1.05 1.08 1.15 1.96 2.33 2.33 3.59 3.55 3.46
1923.12 2.77 3.48 4.52 5.35 6.50 6.51 7.11 7.70 7.48
1924.01 1.94 2.23 2.44 2.45 2.94 3.12 3.23 3.97 4.20
1924.02 2.09 1.80 1.73 1.49 1.35 1.35 1.34 1.60 1.69
1924.03 2.26 2.59 2.64 3.17 3.70 3.76 4.60 4.71 4.49
1924.04 2.69 3.05 3.04 2.77 3.40 3.51 3.36 3.51 3.04
1924.05 3.76 3.55 3.57 3.69 4.14 4.18 4.83 4.91 4.80
1924.06 6.62 5.73 5.90 7.36 6.52 7.42 5.71 5.68 5.18
1924.07 2.63 2.56 2.37 1.65 1.33 1.44 1.76 1.72 1.81
1924.08 4.24 3.74 2.52 4.91 3.89 2.63 4.24 3.17 2.91
1924.09 3.54 3.46 3.48 3.62 3.58 3.84 3.78 4.14 4.58
1924.10 0.48 0.48 0.53 0.63 0.29 0.20 0.45 0.27 0.20
1924.11 1.31 1.31 1.21 1.37 1.31 1.27 1.74 1.67 1.57
1924.12 3.71 4.34 4.19 4.91 4.80 4.49 5.78 6.02 5.10
1925.01 0.69 0.45 0.52 0.25 0.53 0.85 0.80 1.49 1.85
1925.02 1.82 1.48 1.37 1.43 1.28 1.30 1.98 2.36 2.66
1925.03 2.20 2.24 2.18 3.09 3.36 3.15 4.43 4.50 4.15
1925.04 2.55 2.42 2.22 2.23 2.00 1.97 2.50 2.25 2.11
1925.05 1.47 1.28 1.19 0.29 1.09 1.78 1.05 2.14 2.36
1925.06 4.51 3.07 2.86 4.35 3.76 2.71 4.02 4.82 3.67
1925.07 3.75 4.25 4.45 3.98 4.60 4.44 4.03 4.24 4.52
1925.08 3.84 3.74 3.08 2.49 2.33 2.45 1.52 1.63 1.46
1925.09 5.59 5.48 5.03 5.62 5.60 5.65 5.02 5.00 4.03
1925.10 2.77 2.50 2.37 3.42 4.22 4.25 4.70 5.10 5.34
1925.11 2.39 2.77 3.12 3.98 4.78 4.74 6.09 6.30 5.87
1925.12 1.45 1.12 1.11 1.07 0.94 0.87 1.21 0.96 0.83
1926.01 1.45 1.45 1.55 1.86 2.11 2.15 2.87 3.35 3.37
1926.02 2.71 2.62 2.73 2.77 2.77 2.69 2.80 3.08 3.22
1926.03 2.80 2.65 2.50 2.96 2.99 2.87 3.55 3.52 3.03
1926.04 3.40 3.99 3.65 3.88 4.01 4.00 3.63 3.57 3.44
1926.05 2.46 2.72 2.85 3.05 3.08 3.02 3.08 2.93 2.91
1926.06 3.26 2.96 3.01 2.97 2.77 2.66 3.25 3.00 2.29
1926.07 3.04 3.32 3.57 2.78 2.98 3.28 3.49 3.67 3.61
1926.08 4.98 5.32 5.13 6.63 6.42 6.78 6.73 6.80 6.73
1926.09 10.16 8.81 7.66 9.11 8.88 9.49 6.63 6.79 6.56
1926.10 3.70 3.44 3.31 3.96 4.54 5.19 4.50 5.36 5.82
1926.11 3.15 2.19 1.70 2.42 1.55 1.25 2.31 1.96 2.15
1926.12 1.25 0.97 0.83 1.08 1.44 1.62 3.37 3.75 3.56
1927.01 1.61 1.63 1.85 2.61 3.17 3.33 4.80 5.59 5.63
1927.02 1.71 1.59 1.63 1.44 1.46 1.48 1.60 1.85 1.98
1927.03 3.11 3.11 3.29 4.64 4.61 4.29 6.22 6.16 5.91
1927.04 5.76 6.07 4.54 5.99 5.38 4.95 6.96 6.72 6.42
1927.05 5.88 5.37 5.09 7.85 7.17 6.47 9.95 8.12 7.31
1927.06 3.16 2.77 2.91 3.66 3.14 2.90 3.73 3.84 3.55
1927.07 3.33 3.83 4.04 2.88 3.29 3.43 3.15 3.28 3.44
1927.08 3.62 3.42 2.67 3.29 3.17 3.37 2.68 2.86 3.08
1927.09 5.66 5.29 4.76 5.13 4.64 3.81 4.96 4.59 3.12
1927.10 2.93 2.36 2.01 2.83 2.57 2.16 3.03 2.64 2.26
1927.11 5.00 4.84 5.25 5.54 5.99 6.04 6.07 6.29 6.17
1927.12 2.80 2.85 3.30 3.43 3.98 4.00 3.98 4.23 4.31
1928.01 1.51 1.69 1.68 1.78 1.69 1.53 1.77 1.89 1.79
1928.02 1.92 2.15 2.45 2.72 3.05 2.92 3.08 3.21 3.22
1928.03 2.07 1.98 2.10 1.39 1.70 2.05 1.32 1.68 2.12
1928.04 3.88 2.88 2.97 2.82 2.52 2.59 2.89 3.02 2.94
1928.05 2.85 2.64 2.29 2.63 2.73 2.42 4.35 3.44 3.01
1928.06 5.98 5.54 6.01 7.06 5.67 6.53 8.95 8.95 9.62
1928.07 3.29 3.70 3.92 3.09 3.39 3.57 3.55 3.70 3.72
1928.08 3.53 3.48 2.91 4.57 4.15 3.48 4.31 3.73 3.31
1928.09 2.10 1.86 1.69 1.16 0.93 0.68 1.24 1.06 0.45
1928.10 3.87 3.47 2.99 3.74 3.61 3.23 3.94 3.74 3.35
1928.11 3.18 2.73 2.57 3.28 2.96 2.76 3.71 3.53 3.49
1928.12 1.82 1.65 1.78 2.34 2.23 1.99 2.57 2.35 2.18
1929.01 3.39 3.53 3.82 4.46 5.02 4.91 6.02 6.36 5.85
1929.02 0.58 0.97 1.17 1.33 1.83 1.77 2.86 3.09 3.31
1929.03 2.82 2.58 2.67 3.23 2.98 2.85 3.52 3.46 3.43
1929.04 7.35 5.55 5.63 5.03 4.77 4.80 3.83 4.15 4.01
1929.05 5.76 5.63 5.37 7.75 7.66 7.27 9.50 8.26 7.65
1929.06 4.47 4.00 3.92 4.92 4.41 4.49 4.44 4.60 4.12
1929.07 3.91 4.01 3.94 4.24 4.18 4.13 4.42 4.67 4.14
1929.08 3.78 3.65 2.83 2.72 2.86 3.19 1.74 1.96 2.28
1929.09 2.82 2.58 2.21 2.98 3.02 3.24 3.43 3.63 4.06
1929.10 4.77 4.39 4.02 3.50 3.64 4.37 3.20 3.58 3.93
1929.11 1.67 1.57 1.84 2.31 2.85 3.11 3.49 3.67 4.00
1929.12 2.73 3.48 3.94 3.95 4.38 4.44 3.87 4.30 4.00
1930.01 3.75 4.24 4.45 6.22 6.50 6.35 8.23 8.53 7.62
1930.02 2.01 2.04 2.11 2.20 2.34 2.28 2.85 3.14 3.30
1930.03 1.95 1.90 2.00 1.54 1.80 2.09 1.42 1.69 2.10
1930.04 2.80 3.21 2.87 2.84 2.76 2.73 2.19 1.66 1.58
1930.05 2.18 1.89 1.83 0.98 1.41 1.37 2.26 2.26 2.17
1930.06 3.49 2.96 2.69 2.85 2.78 2.26 2.08 2.43 1.50
1930.07 2.02 1.61 1.50 1.67 2.10 2.02 1.25 1.98 1.86
1930.08 2.82 2.60 1.97 1.89 2.12 2.44 1.30 1.64 2.13
1930.09 3.48 3.47 3.20 3.96 4.14 4.23 3.57 3.59 3.04
1930.10 1.92 1.70 1.53 1.70 1.46 1.40 1.53 1.41 1.33
1930.11 1.66 1.58 1.45 2.07 1.94 1.72 2.76 2.33 1.88
1930.12 0.75 0.76 0.85 0.90 1.00 1.13 1.44 1.59 1.47
1931.01 0.86 0.64 0.73 0.89 0.85 0.74 0.75 0.91 0.95
1931.02 0.80 1.16 1.34 1.52 1.63 1.84 1.89 2.25 2.09
1931.03 2.88 2.49 2.20 2.48 3.05 2.76 3.86 4.11 3.54
1931.04 3.00 2.31 2.40 2.46 3.18 3.44 3.13 3.84 4.14
1931.05 4.47 3.57 2.29 3.01 2.51 2.18 2.82 2.71 2.39
1931.06 4.98 4.65 4.35 4.38 2.85 4.49 2.15 3.26 3.17
1931.07 1.85 2.18 1.98 2.13 3.17 3.39 3.41 4.83 4.65
1931.08 4.38 4.21 3.27 4.81 4.55 3.97 4.72 4.17 4.85
1931.09 4.78 4.19 4.01 4.57 4.82 3.71 5.33 6.13 4.76
1931.10 4.72 3.67 2.78 4.66 3.39 3.38 3.49 3.78 3.23
1931.11 5.03 3.57 2.96 3.91 2.87 3.21 4.69 4.32 3.47
1931.12 2.07 1.69 2.59 3.72 3.74 3.03 4.69 4.27 3.92
1932.01 2.62 2.94 3.88 3.89 5.79 5.28 7.77 8.28 6.72
1932.02 1.60 1.31 1.20 1.67 1.58 1.52 1.84 2.18 2.38
1932.03 3.08 2.52 2.14 1.97 2.59 3.18 3.22 3.55 3.32
1932.04 1.53 2.19 2.48 2.34 2.97 2.42 3.02 3.78 2.94
1932.05 1.75 2.46 1.99 1.69 0.87 0.63 1.37 1.57 0.82
1932.06 3.75 3.47 3.82 5.15 5.02 5.91 3.62 5.40 6.43
1932.07 4.10 4.04 3.34 3.36 3.45 2.50 3.13 3.61 4.54
1932.08 4.04 2.61 1.82 3.96 2.49 1.50 5.22 4.91 5.15
1932.09 2.74 4.62 5.05 5.65 6.91 6.84 7.22 7.09 4.66
1932.10 4.61 4.51 4.20 3.43 3.78 3.98 4.29 3.81 3.34
1932.11 2.01 1.74 1.69 2.51 2.71 2.76 2.98 2.82 2.62
1932.12 3.69 3.83 4.33 4.01 4.95 4.71 5.68 5.97 5.67
1933.01 2.46 1.78 1.52 2.44 2.91 2.18 4.73 5.24 5.14
1933.02 1.38 1.54 1.58 1.70 1.77 1.61 2.02 2.53 2.39
1933.03 4.13 4.39 3.66 3.96 6.10 5.02 6.10 6.66 7.47
1933.04 5.62 3.78 3.36 3.56 4.01 3.21 4.79 5.55 5.99
1933.05 6.64 6.32 5.81 9.40 8.54 9.50 10.78 9.09 8.27
1933.06 2.12 1.89 1.70 0.28 1.42 0.83 0.92 0.55 0.64
1933.07 2.61 2.67 2.53 1.32 2.06 2.06 2.81 2.41 2.09
1933.08 2.56 3.29 2.80 2.07 2.83 3.17 2.81 2.73 2.54
1933.09 4.91 5.49 6.60 4.27 5.77 7.04 3.60 3.87 4.86
1933.10 4.68 3.43 2.20 2.39 2.21 2.10 2.90 3.06 2.24
1933.11 1.33 1.13 1.16 0.95 0.92 1.20 0.95 1.35 1.36
1933.12 1.39 0.76 1.23 1.55 2.31 2.90 3.00 3.79 3.30
1934.01 1.17 1.25 1.49 1.60 1.39 1.38 1.48 1.34 1.31
1934.02 0.68 0.58 0.80 0.69 0.90 0.79 1.05 1.02 0.86
1934.03 2.13 2.07 2.56 2.91 3.35 3.14 3.19 3.87 3.16
1934.04 2.11 1.78 2.08 2.05 1.40 1.69 1.26 1.21 1.08
1934.05 0.96 1.20 1.13 0.69 0.96 0.86 1.64 1.44 1.14
1934.06 2.31 2.73 1.90 2.82 3.38 2.69 4.33 5.42 5.76
1934.07 1.18 1.72 1.50 2.39 2.85 2.07 4.19 2.88 1.98
1934.08 5.99 4.93 3.60 5.95 3.36 3.86 5.30 4.82 4.33
1934.09 7.60 6.41 4.61 7.46 4.86 4.72 6.25 4.82 3.89
1934.10 1.24 0.61 0.72 0.47 0.41 0.25 0.46 0.39 0.28
1934.11 4.67 3.42 2.79 4.02 2.43 1.48 2.91 2.31 1.56
1934.12 1.81 1.87 1.55 2.17 1.79 1.66 2.26 2.51 2.23
1935.01 2.47 2.59 2.57 2.52 2.51 2.23 3.19 3.46 3.76
1935.02 2.57 1.29 1.31 0.70 0.50 0.56 0.70 0.70 0.93
1935.03 4.04 3.63 3.78 3.15 3.94 3.26 7.01 7.33 7.45
1935.04 2.30 2.48 2.26 2.22 2.13 2.15 2.93 2.43 3.19
1935.05 7.05 5.35 4.99 8.12 6.46 6.83 8.36 7.86 6.54
1935.06 4.80 3.53 3.92 5.28 4.31 3.82 6.82 5.27 4.13
1935.07 2.77 2.93 3.35 3.32 4.79 5.00 2.89 3.10 3.89
1935.08 3.36 4.40 3.45 2.94 2.35 2.45 3.50 3.30 4.12
1935.09 2.89 2.34 2.23 3.23 3.39 3.47 2.06 2.04 1.87
1935.10 1.26 1.43 1.19 1.07 1.73 2.40 2.51 2.74 2.46
1935.11 4.79 4.24 3.59 4.46 3.30 3.09 3.21 2.88 2.39
1935.12 1.69 1.55 1.60 1.21 1.68 2.28 1.42 1.67 1.79
1936.01 1.35 1.24 1.32 1.36 1.34 1.44 1.80 1.88 1.70
1936.02 1.88 2.48 3.15 3.75 3.12 2.87 2.26 2.32 2.19
1936.03 1.73 1.84 2.67 2.07 2.81 3.38 3.03 3.38 3.81
1936.04 2.74 2.86 2.35 3.00 2.96 3.60 3.50 3.41 3.67
1936.05 2.45 2.57 2.16 2.81 2.34 2.05 1.38 1.48 1.42
1936.06 0.94 2.28 2.12 0.88 1.12 1.52 1.58 0.91 0.80
1936.07 0.18 0.30 1.79 1.25 0.77 1.93 2.52 3.05 2.65
1936.08 5.78 4.75 3.22 3.83 3.64 3.61 0.96 1.16 1.80
1936.09 6.58 5.09 4.43 5.97 6.14 4.77 3.38 3.91 4.19
1936.10 4.10 3.68 3.49 4.73 4.69 5.04 4.47 5.48 5.23
1936.11 2.51 3.46 2.89 3.40 3.32 2.94 4.41 4.69 3.56
1936.12 3.01 2.78 2.70 2.81 2.78 2.52 3.05 3.42 2.58
1937.01 3.29 3.87 5.01 7.00 9.62 10.53 14.45 16.51 16.71
1937.02 1.34 1.70 1.45 1.82 1.92 2.22 2.33 2.14 1.75
1937.03 1.32 1.48 1.61 1.74 1.74 1.59 1.41 1.18 1.24
1937.04 5.83 5.29 5.21 5.71 5.17 4.31 4.77 4.44 4.00
1937.05 2.64 2.90 3.82 3.08 3.24 3.10 4.07 4.43 3.51
1937.06 4.67 5.38 5.95 5.92 4.20 4.99 4.27 3.21 3.62
1937.07 3.55 4.28 4.86 5.71 3.87 4.76 2.22 2.41 2.53
1937.08 3.15 3.00 2.76 2.61 3.72 3.85 3.58 4.54 3.64
1937.09 2.51 3.17 2.36 3.46 3.99 2.89 3.62 3.70 3.03
1937.10 3.71 3.19 2.49 5.66 4.49 4.17 6.92 5.63 4.77
1937.11 1.67 1.83 1.91 2.07 1.86 1.79 1.65 1.78 1.91
1937.12 1.61 1.44 1.86 2.54 3.29 3.04 3.27 3.39 3.82
1938.01 1.88 1.35 1.22 1.09 1.25 1.00 2.51 2.36 2.16
1938.02 3.47 3.24 3.14 3.00 2.98 2.74 2.30 2.41 2.58
1938.03 4.00 3.87 4.97 7.10 7.53 7.07 7.18 7.30 6.41
1938.04 3.06 2.87 2.93 3.73 2.84 3.22 1.88 1.59 1.66
1938.05 5.01 4.62 4.54 6.31 6.04 6.26 6.12 5.68 5.81
1938.06 6.21 5.27 5.68 4.68 5.67 5.69 4.99 4.18 3.06
1938.07 5.96 5.15 4.55 6.34 4.31 5.44 5.09 5.59 6.28
1938.08 3.12 2.56 3.08 4.76 2.78 1.48 3.82 2.89 3.31
1938.09 5.37 3.47 2.44 1.94 2.50 3.72 2.43 2.65 3.23
1938.10 0.82 0.95 0.82 1.00 0.76 0.65 0.99 0.63 0.53
1938.11 1.59 1.36 1.53 2.91 3.54 4.24 4.01 3.72 3.80
1938.12 1.90 1.90 1.98 2.34 1.49 1.30 1.63 1.79 1.39
1939.01 3.38 2.62 3.17 4.22 3.83 3.03 5.12 5.43 3.95
1939.02 3.79 3.71 3.66 3.74 3.29 3.25 4.49 4.72 6.04
1939.03 2.58 2.91 3.02 4.12 3.76 3.11 4.40 5.63 6.55
1939.04 4.73 4.88 3.98 5.89 5.99 5.58 6.99 6.39 6.75
1939.05 2.37 1.36 0.88 1.32 1.96 1.29 1.51 1.59 1.33
1939.06 6.41 6.59 5.17 6.36 5.22 6.06 6.05 7.03 7.44
1939.07 4.25 3.50 3.39 6.09 4.43 4.26 3.26 3.75 4.24
1939.08 2.08 3.61 3.44 3.03 2.55 2.85 2.58 2.28 1.83
1939.09 0.32 0.65 0.79 0.72 0.74 0.87 1.26 1.15 1.22
1939.10 3.61 3.65 3.45 3.05 2.80 3.40 1.61 1.81 1.96
1939.11 1.85 1.41 1.10 1.15 1.34 1.25 1.71 1.55 1.54
1939.12 0.98 1.00 0.94 1.15 1.07 1.19 1.80 1.73 1.90
1940.01 1.79 1.51 1.84 1.50 1.55 1.51 1.72 1.83 1.84
1940.02 1.16 1.14 1.63 1.69 2.38 2.32 3.72 4.25 4.60
1940.03 1.92 1.91 2.11 2.04 1.57 1.38 1.50 1.66 3.31
1940.04 3.50 4.16 3.88 4.24 5.71 5.89 7.11 7.88 7.53
1940.05 5.59 5.02 4.62 5.24 3.83 4.04 3.63 3.47 3.13
1940.06 3.83 3.80 4.09 3.46 2.73 2.52 2.50 2.54 3.82
1940.07 1.13 1.18 1.79 0.76 0.83 2.45 2.09 1.87 1.13
1940.08 3.84 3.09 3.31 3.01 2.09 2.44 2.08 2.64 2.27
1940.09 0.93 1.03 0.89 1.37 1.07 0.92 1.32 1.71 1.36
1940.10 3.46 3.73 3.39 2.71 2.45 2.79 0.89 1.36 0.89
1940.11 3.15 2.64 2.73 3.52 3.60 3.11 4.35 4.33 4.05
1940.12 2.07 2.03 2.31 2.45 2.28 2.37 2.45 2.79 2.50
1941.01 1.73 1.29 1.77 1.27 1.50 1.69 1.68 1.73 1.99
1941.02 1.05 0.54 0.62 0.72 0.71 0.84 0.83 0.89 0.87
1941.03 1.42 1.23 1.09 1.03 0.79 0.79 0.77 0.67 0.96
1941.04 2.88 2.98 2.15 3.12 2.20 2.15 3.50 2.89 2.37
1941.05 3.47 2.69 2.83 3.01 1.69 1.51 2.35 1.57 1.58
1941.06 6.08 4.28 4.81 7.43 5.54 6.41 4.61 5.61 8.33
1941.07 1.89 2.33 1.61 2.11 2.04 3.92 3.21 2.73 3.11
1941.08 1.81 1.62 1.73 2.62 2.14 2.16 3.64 2.60 2.26
1941.09 3.16 1.86 1.34 2.67 2.18 2.59 1.78 2.74 1.72
1941.10 9.49 6.88 5.21 6.42 6.67 6.79 7.33 6.58 5.62
1941.11 3.51 3.20 2.91 3.42 2.66 2.30 2.74 2.31 2.08
1941.12 1.61 1.48 1.72 1.31 1.97 1.73 2.63 2.39 2.93
1942.01 2.03 1.68 1.74 1.48 1.16 1.00 2.14 2.17 2.70
1942.02 3.76 2.84 2.75 4.25 4.06 3.70 2.97 3.13 3.08
1942.03 3.90 3.74 3.90 3.22 3.64 4.21 4.54 4.39 3.99
1942.04 2.41 2.57 2.34 2.70 2.81 2.69 3.26 3.40 3.39
1942.05 3.69 2.89 2.63 4.54 4.26 4.44 4.28 4.65 4.40
1942.06 3.26 4.31 4.51 6.70 5.74 4.01 6.59 7.40 5.72
1942.07 4.48 6.15 5.32 4.28 3.56 5.27 3.58 3.17 2.87
1942.08 3.89 4.04 4.66 2.89 4.67 3.94 2.64 2.84 4.17
1942.09 3.74 3.50 3.72 2.58 2.86 2.91 1.49 1.86 2.08
1942.10 1.87 3.06 2.29 1.81 1.39 1.29 1.37 1.63 1.16
1942.11 4.28 3.88 3.89 4.84 5.11 3.67 5.32 5.54 5.30
1942.12 2.71 2.32 2.06 1.63 2.07 2.37 2.37 2.96 4.35
1943.01 2.34 1.74 1.61 1.14 1.10 1.63 0.63 0.76 0.83
1943.02 1.56 1.09 1.16 0.94 1.44 1.69 1.48 1.89 2.06
1943.03 3.37 2.79 2.60 2.69 4.41 4.65 5.76 7.01 7.54
1943.04 4.08 3.19 3.23 2.61 2.75 2.52 3.64 3.39 3.10
1943.05 9.12 9.79 9.93 12.76 9.42 7.74 7.79 6.41 5.54
1943.06 3.57 2.56 2.70 3.73 3.97 3.35 4.11 3.40 2.77
1943.07 4.12 4.99 6.44 2.96 4.50 4.44 3.06 3.92 4.65
1943.08 5.82 4.92 3.71 3.15 1.89 3.65 0.55 0.78 0.57
1943.09 2.60 3.42 3.69 3.00 3.56 3.43 3.21 3.05 1.88
1943.10 2.01 1.49 1.31 1.37 1.47 2.01 1.50 1.72 1.62
1943.11 2.40 2.55 2.30 2.96 2.12 1.97 1.80 1.22 0.96
1943.12 0.39 0.39 0.42 1.06 1.09 0.91 1.99 1.88 1.76
1944.01 0.69 0.63 0.55 0.33 0.37 0.40 0.62 0.92 1.12
1944.02 2.13 1.98 1.68 2.52 2.98 2.85 3.25 3.89 4.01
1944.03 5.09 3.89 3.96 3.08 4.13 4.89 4.01 4.51 5.44
1944.04 5.60 10.23 5.64 6.30 6.87 6.41 6.32 6.26 5.13
1944.05 5.34 5.27 4.83 5.08 4.33 4.00 3.65 3.75 3.89
1944.06 2.45 1.59 1.95 2.80 1.88 1.74 1.52 1.13 0.95
1944.07 1.61 1.73 1.36 1.90 1.74 1.57 1.19 2.17 2.41
1944.08 2.71 2.68 2.61 4.10 3.34 4.08 4.48 5.91 6.75
1944.09 2.13 1.89 1.85 1.93 2.57 2.14 1.97 3.66 3.26
1944.10 2.09 2.14 1.95 1.57 0.73 0.61 0.68 0.44 0.32
1944.11 1.84 2.65 3.00 2.48 2.66 2.60 2.19 2.65 2.67
1944.12 1.76 1.48 1.75 1.34 1.59 1.58 1.96 2.70 3.08
1945.01 1.13 0.65 0.75 0.58 0.76 0.85 1.55 1.74 2.10
1945.02 1.52 1.26 1.53 1.67 2.67 2.52 5.59 5.61 6.08
1945.03 3.78 4.43 5.12 7.20 7.66 7.44 11.46 11.50 11.71
1945.04 3.89 3.40 3.11 3.97 4.25 4.36 5.71 4.87 4.67
1945.05 6.89 5.32 5.27 5.13 4.22 3.42 3.87 4.32 4.36
1945.06 5.04 3.90 4.21 6.95 7.01 7.39 8.69 8.80 6.15
1945.07 3.43 4.55 3.23 2.21 3.34 3.03 3.32 2.92 3.31
1945.08 3.44 4.47 3.19 3.99 3.25 2.11 5.34 2.99 2.08
1945.09 6.62 5.71 4.46 5.77 6.81 6.82 8.02 7.29 5.51
1945.10 2.56 3.36 3.25 2.67 2.24 3.00 1.38 1.90 2.23
1945.11 2.48 2.00 1.60 3.28 3.24 3.29 4.21 4.86 4.77
1945.12 2.14 1.91 1.90 2.65 2.59 3.01 2.31 2.35 2.16
1946.01 1.66 1.28 1.38 1.47 1.23 1.25 1.86 1.67 1.77
1946.02 1.88 1.94 1.77 2.86 2.86 2.92 3.42 4.52 4.85
1946.03 3.31 2.74 2.81 2.78 3.55 3.79 2.06 2.80 4.17
1946.04 1.62 1.25 1.05 1.71 1.59 1.66 2.09 2.14 2.26
1946.05 3.87 4.18 4.49 7.52 6.75 6.38 7.77 6.48 5.52
1946.06 6.56 5.48 4.60 5.07 3.39 4.03 3.39 3.32 3.19
1946.07 1.15 1.23 2.09 2.32 2.47 3.16 3.15 3.56 4.76
1946.08 2.83 1.61 1.75 2.97 3.10 1.73 4.89 4.17 4.82
1946.09 1.98 2.47 1.54 1.46 0.71 0.43 1.60 0.80 0.95
1946.10 3.51 3.77 3.23 3.08 2.52 2.91 1.95 2.53 2.51
1946.11 3.05 2.87 2.82 3.44 3.34 3.24 4.98 4.63 4.69
1946.12 2.57 2.35 2.52 2.50 3.11 3.34 2.73 3.34 3.17
1947.01 2.30 3.10 3.30 2.99 4.21 4.20 4.00 4.72 5.11
1947.02 0.56 0.49 0.61 0.24 0.29 0.58 0.07 0.18 0.21
1947.03 2.49 2.07 1.99 2.11 2.04 2.17 2.34 2.43 1.95
1947.04 7.89 6.35 5.94 6.54 6.52 6.42 7.25 7.98 8.54
1947.05 5.31 4.26 4.77 4.56 5.39 5.44 4.47 6.16 6.45
1947.06 5.34 3.76 4.20 5.69 5.33 6.36 5.10 5.82 5.27
1947.07 1.76 2.66 2.47 2.16 3.74 3.88 2.99 4.05 4.31
1947.08 3.02 3.29 2.70 5.06 4.49 4.83 2.50 2.55 3.09
1947.09 4.97 5.57 5.24 5.34 3.42 3.53 3.81 2.43 2.94
1947.10 2.14 1.75 2.49 2.25 2.36 2.78 2.59 2.00 2.19
1947.11 2.41 2.22 2.10 1.59 1.43 1.55 2.18 2.20 2.46
1947.12 2.12 1.88 2.07 1.66 1.53 1.95 1.50 1.05 1.25
1948.01 1.45 1.67 2.08 1.89 2.52 2.33 3.36 2.89 2.58
1948.02 2.19 2.18 2.48 2.27 2.47 2.97 2.79 3.39 4.10
1948.03 3.90 3.62 4.08 5.93 5.71 5.53 4.07 4.92 5.77
1948.04 2.59 2.26 2.70 3.47 4.56 5.75 3.63 4.85 5.58
1948.05 6.22 4.78 4.13 4.01 3.77 3.48 3.98 3.27 2.75
1948.06 4.83 4.70 4.82 4.50 4.39 4.60 4.47 3.95 2.99
1948.07 3.36 2.88 2.96 4.32 3.32 2.88 7.14 7.32 4.31
1948.08 1.85 2.11 1.86 2.05 1.69 2.01 1.49 2.29 2.57
1948.09 2.67 2.58 2.65 3.48 2.77 3.11 3.10 2.72 1.04
1948.10 0.84 1.15 1.47 2.55 2.77 3.07 2.87 2.52 2.29
1948.11 3.15 3.17 4.04 3.84 5.55 6.42 5.90 7.75 8.12
1948.12 3.57 3.39 3.17 3.08 3.11 3.40 3.81 4.42 4.21
1949.01 4.22 4.84 5.08 7.25 8.18 7.86 10.77 11.56 10.05
1949.02 2.99 2.86 2.78 2.81 2.66 2.57 3.06 3.21 3.31
1949.03 2.38 1.82 1.92 2.74 3.52 3.18 5.93 6.31 5.92
1949.04 2.11 1.81 2.38 2.14 1.98 2.84 1.83 1.80 1.73
1949.05 4.35 3.95 4.08 3.79 2.64 3.48 2.86 3.29 2.08
1949.06 2.92 5.49 5.36 5.06 4.31 5.91 6.09 7.02 7.49
1949.07 4.66 4.04 3.67 4.15 3.69 4.68 2.91 2.71 2.55
1949.08 2.22 2.95 2.67 3.01 3.49 2.79 4.95 5.12 4.83
1949.09 2.50 2.46 2.53 2.13 2.86 3.61 2.60 3.05 2.13
1949.10 4.04 4.87 4.74 6.63 4.93 3.48 5.72 5.38 3.22
1949.11 1.92 1.50 1.06 1.51 0.91 0.77 0.88 0.84 0.73
1949.12 5.21 4.46 3.39 4.25 3.72 3.06 4.28 4.92 4.69
1950.01 5.31 7.01 7.82 11.19 11.28 11.08 12.65 12.86 11.83
1950.02 3.86 3.91 4.42 4.54 5.19 5.59 6.85 6.92 7.17
1950.03 2.20 3.29 2.69 3.48 3.38 3.17 4.11 4.28 3.01
1950.04 5.99 5.56 5.86 4.17 4.25 4.11 5.83 5.31 4.67
1950.05 1.73 1.94 1.54 2.00 3.01 3.04 4.84 3.86 5.44
1950.06 7.72 6.37 5.15 6.26 4.85 6.78 4.93 4.68 5.36
1950.07 4.21 5.04 4.53 3.64 2.93 4.26 3.70 2.68 3.62
1950.08 2.05 1.65 3.40 3.12 2.91 3.95 4.60 5.69 4.19
1950.09 3.66 4.11 5.00 8.02 5.62 5.11 5.51 5.61 4.44
1950.10 1.50 0.89 1.87 1.66 1.14 1.91 1.36 1.33 1.98
1950.11 2.79 3.76 4.68 4.75 5.76 6.26 6.03 6.82 5.80
1950.12 1.66 2.18 2.45 1.98 2.41 2.64 2.19 2.70 2.61
1951.01 1.63 1.82 1.82 2.45 2.86 2.95 5.01 5.99 6.64
1951.02 2.33 2.44 3.01 3.85 3.34 3.47 4.11 4.38 4.19
1951.03 3.00 2.34 3.19 2.52 2.78 3.55 4.60 5.19 5.15
1951.04 3.74 4.00 3.72 3.09 3.32 3.52 3.03 3.78 3.16
1951.05 4.63 3.78 3.38 3.70 3.64 3.46 2.56 2.57 2.97
1951.06 3.01 3.66 5.01 4.98 4.68 4.59 5.25 6.14 4.31
1951.07 5.35 5.08 4.61 5.79 3.47 2.89 2.76 3.34 1.82
1951.08 3.12 3.77 3.64 2.03 1.74 1.62 3.27 2.13 1.95
1951.09 3.96 2.28 1.62 2.55 2.20 2.89 3.23 2.97 2.96
1951.10 3.94 4.64 4.39 3.02 2.13 1.89 1.86 1.25 1.76
1951.11 3.33 2.83 2.76 3.69 4.69 4.24 5.24 5.32 4.97
1951.12 2.73 3.20 3.68 3.43 4.86 5.28 6.13 7.10 6.40
1952.01 2.05 2.57 3.48 3.24 3.87 4.47 3.15 4.21 4.45
1952.02 0.89 1.54 1.90 2.12 2.65 2.40 3.37 3.52 3.45
1952.03 2.96 2.82 3.67 4.46 4.52 4.33 6.85 5.72 5.16
1952.04 3.95 4.05 4.00 4.58 3.98 3.92 3.76 3.35 2.80
1952.05 4.59 5.45 5.04 4.29 4.41 3.55 2.86 3.31 3.47
1952.06 5.46 4.46 3.29 7.42 5.81 3.35 3.52 5.56 4.34
1952.07 2.22 3.70 3.33 2.24 2.43 1.97 2.72 1.78 1.83
1952.08 3.11 3.56 2.85 3.50 3.05 3.57 2.46 2.12 2.02
1952.09 1.57 2.49 3.19 2.84 4.91 4.72 3.16 3.64 3.40
1952.10 1.04 1.34 1.16 0.73 0.87 0.91 1.06 1.24 1.87
1952.11 2.27 2.51 2.88 3.04 3.33 3.40 2.24 2.31 2.53
1952.12 1.99 1.72 1.71 2.69 2.53 2.86 2.52 3.52 4.11
1953.01 1.98 2.02 2.25 2.52 2.68 2.63 4.10 5.05 5.02
1953.02 1.89 1.29 1.09 1.58 1.42 1.71 1.19 1.19 1.00
1953.03 3.98 3.02 3.62 6.67 4.60 3.87 4.62 4.83 3.67
1953.04 2.94 3.06 3.05 3.02 2.96 3.19 3.90 3.90 3.59
1953.05 3.85 2.77 3.10 3.60 4.89 5.63 3.91 3.91 3.99
1953.06 4.10 3.50 1.92 4.01 2.89 2.51 1.69 1.57 2.15
1953.07 4.23 3.12 3.49 6.13 5.12 4.73 2.56 5.39 5.02
1953.08 2.26 3.33 3.10 1.66 2.63 1.91 0.78 1.05 1.55
1953.09 1.80 1.73 1.79 0.97 1.20 1.12 0.77 0.60 0.72
1953.10 1.39 1.20 1.29 1.50 1.19 0.87 1.60 1.51 1.10
1953.11 1.36 1.22 1.51 1.20 1.63 1.24 1.53 1.63 1.37
1953.12 1.90 1.12 1.34 1.43 2.05 2.78 2.44 2.67 2.11
1954.01 1.57 2.01 2.33 2.95 2.90 3.36 3.26 3.60 3.36
1954.02 2.72 2.86 2.69 2.09 2.33 2.38 2.26 2.57 2.12
1954.03 3.91 3.51 3.51 2.23 2.41 2.85 1.42 2.23 2.35
1954.04 5.24 4.93 3.70 3.07 3.42 3.67 3.30 3.50 2.81
1954.05 2.86 3.07 2.28 3.22 2.60 2.48 2.92 3.00 2.51
1954.06 3.74 4.06 4.49 2.57 2.34 2.64 1.97 3.15 2.29
1954.07 5.53 5.05 5.08 2.76 2.30 3.38 2.16 1.68 1.79
1954.08 5.06 4.97 6.11 4.06 4.27 5.08 5.24 4.78 5.10
1954.09 1.06 1.40 1.86 1.01 1.00 0.48 3.49 2.74 2.87
1954.10 10.52 9.45 7.99 6.13 4.88 6.62 3.81 4.29 4.90
1954.11 1.50 1.60 2.19 1.15 1.39 2.05 0.98 1.54 1.45
1954.12 2.26 2.22 1.89 2.70 2.32 2.36 4.21 3.67 3.37
1955.01 1.77 1.84 1.96 2.76 2.12 2.25 1.73 2.47 2.27
1955.02 1.59 1.58 1.58 2.06 2.57 2.65 4.82 6.02 7.06
1955.03 2.81 3.07 4.04 2.92 3.43 3.77 5.30 5.79 6.06
1955.04 3.02 3.20 2.60 3.84 3.55 3.32 6.25 4.00 3.32
1955.05 3.67 2.86 2.40 5.14 3.75 3.50 4.15 4.24 4.32
1955.06 3.21 2.81 2.72 3.62 3.02 3.56 3.79 3.57 3.45
1955.07 4.20 5.39 5.30 4.00 4.84 4.50 4.26 5.07 6.07
1955.08 5.74 3.60 4.87 1.50 2.21 2.72 0.81 1.41 1.05
1955.09 2.23 2.11 1.86 4.83 6.06 6.54 3.95 5.26 5.32
1955.10 4.93 5.92 5.90 4.41 3.76 3.81 4.43 4.44 5.11
1955.11 2.01 3.32 4.30 4.63 5.35 5.02 4.25 4.85 4.22
1955.12 0.67 0.49 0.48 0.58 0.52 0.47 0.55 0.70 0.70
1956.01 0.82 1.00 1.28 1.14 1.30 1.53 1.97 2.63 2.56
1956.02 2.49 3.09 2.52 4.12 3.57 3.55 6.32 6.79 6.61
1956.03 1.36 2.20 2.88 1.75 2.13 2.30 2.80 3.37 3.61
1956.04 4.94 4.35 3.88 3.51 3.77 4.19 4.02 4.37 3.24
1956.05 4.73 4.83 5.06 5.70 7.08 5.33 4.75 5.04 5.31
1956.06 2.29 2.27 2.80 3.12 4.19 3.02 2.76 4.35 4.23
1956.07 3.63 3.33 3.92 3.22 3.75 3.31 3.36 3.50 3.42
1956.08 2.77 3.41 3.14 2.84 2.88 2.55 2.18 3.57 3.08
1956.09 0.73 0.59 0.74 1.36 1.26 0.98 2.60 2.32 3.39
1956.10 0.43 0.56 0.56 0.90 1.04 0.87 1.16 1.61 2.37
1956.11 1.41 2.27 2.45 2.86 2.38 2.55 2.44 2.43 1.75
1956.12 1.65 1.96 2.48 3.96 3.94 3.91 2.99 3.07 2.85
1957.01 1.86 1.94 1.74 2.50 2.39 2.19 3.51 3.37 3.17
1957.02 1.48 1.45 1.65 2.30 2.09 2.26 2.82 3.03 3.30
1957.03 1.71 1.73 1.27 1.94 1.72 1.36 1.95 1.78 1.72
1957.04 6.95 6.74 6.82 6.87 7.42 7.34 5.96 6.38 6.90
1957.05 3.57 3.27 3.82 6.53 6.98 6.15 7.32 7.06 6.23
1957.06 6.00 5.48 6.29 8.89 7.50 9.40 7.06 6.88 6.65
1957.07 5.91 3.52 2.95 4.64 4.73 3.34 4.12 3.21 4.60
1957.08 4.44 2.83 2.28 3.90 3.30 2.10 2.41 1.65 1.33
1957.09 1.33 2.36 3.49 2.19 2.99 3.23 2.08 3.20 2.87
1957.10 4.87 4.11 4.28 3.61 3.02 3.26 3.26 2.39 2.28
1957.11 2.84 2.74 2.31 3.41 3.41 3.22 6.95 7.49 6.96
1957.12 3.60 4.01 4.68 6.22 5.97 5.16 6.87 7.20 5.85
1958.01 1.41 1.21 1.18 1.28 1.41 1.51 2.29 2.15 2.11
1958.02 1.35 1.05 0.73 0.46 0.45 0.51 0.83 0.91 0.85
1958.03 0.75 0.71 0.61 1.42 1.39 1.36 3.02 2.41 1.92
1958.04 2.01 1.88 2.23 2.39 2.88 3.67 3.70 3.35 4.19
1958.05 1.79 1.85 1.94 4.05 4.48 4.72 4.44 6.15 5.51
1958.06 8.95 8.62 6.94 9.51 9.54 12.08 6.20 5.76 5.12
1958.07 5.43 6.40 6.78 8.71 8.30 6.60 11.14 10.21 9.04
1958.08 4.49 4.80 4.54 4.10 3.95 4.91 3.86 4.64 4.51
1958.09 2.24 3.46 4.15 3.81 3.45 3.44 3.76 4.47 4.51
1958.10 1.22 1.08 1.18 1.35 2.16 1.80 1.70 1.56 1.14
1958.11 3.32 3.72 4.39 5.11 4.50 3.95 4.04 3.72 3.14
1958.12 0.69 0.45 0.34 0.32 0.29 0.37 0.82 0.91 0.74
1959.01 3.16 3.52 3.92 3.69 4.66 5.62 5.14 7.31 7.53
1959.02 2.50 3.04 3.48 3.20 3.56 3.21 3.45 3.04 3.32
1959.03 3.45 2.84 2.73 2.79 2.33 2.49 2.44 2.89 2.46
1959.04 5.86 5.71 5.73 4.83 4.67 4.60 1.30 1.51 1.99
1959.05 4.95 3.34 3.92 3.25 4.39 4.51 5.52 5.12 3.52
1959.06 2.07 3.39 4.14 2.56 1.75 1.42 2.27 2.67 2.10
1959.07 5.54 3.30 3.28 2.45 4.07 3.18 5.13 5.00 3.52
1959.08 1.66 1.55 2.78 3.27 2.82 1.65 5.82 3.86 3.09
1959.09 4.47 4.08 3.96 3.95 2.71 2.48 4.92 3.25 1.63
1959.10 5.28 3.92 4.04 3.68 4.17 5.03 3.01 3.42 4.54
1959.11 3.30 3.19 3.10 2.97 2.67 2.92 2.04 2.47 4.03
1959.12 1.74 2.13 2.36 2.68 2.73 2.17 3.89 3.51 3.47
1960.01 2.56 2.18 2.36 1.93 2.31 2.79 2.53 2.65 2.44
1960.02 3.70 3.09 2.63 3.32 3.07 2.99 2.64 3.42 3.52
1960.03 1.35 1.26 0.98 1.31 1.13 0.97 2.33 1.89 1.86
1960.04 3.67 3.29 2.80 2.12 1.85 1.58 2.55 1.83 1.16
1960.05 2.86 3.63 4.56 4.69 4.62 4.95 5.29 4.84 4.47
1960.06 5.58 4.15 4.85 6.52 5.84 3.36 6.59 7.61 9.97
1960.07 2.92 3.43 2.84 3.05 4.16 3.27 2.86 3.74 3.95
1960.08 4.25 4.61 2.89 3.54 2.92 3.00 2.77 1.94 1.95
1960.09 2.63 2.73 2.57 1.59 1.35 0.81 0.88 0.84 0.91
1960.10 1.97 1.65 1.60 1.78 1.51 1.90 2.51 2.60 2.18
1960.11 1.90 2.04 1.68 2.52 2.04 2.15 3.46 2.86 2.54
1960.12 1.31 0.85 0.91 1.94 1.82 1.25 2.43 2.45 1.72
1961.01 0.44 0.36 0.31 0.75 0.88 0.95 1.04 1.65 1.79
1961.02 1.62 2.29 2.79 2.07 2.73 3.19 3.30 3.68 4.11
1961.03 4.42 4.23 4.18 5.65 5.71 6.02 4.93 5.82 5.23
1961.04 5.31 4.69 5.22 5.06 5.71 6.65 4.31 4.27 4.19
1961.05 2.05 2.33 2.56 5.42 4.86 3.07 10.82 9.02 7.46
1961.06 4.23 3.59 3.20 4.36 3.64 4.88 4.65 4.88 4.66
1961.07 5.15 6.03 5.07 3.47 4.01 5.05 3.82 4.75 5.64
1961.08 2.75 3.15 3.03 4.24 2.51 2.85 3.97 2.79 3.56
1961.09 8.45 5.39 4.42 3.40 3.41 4.23 0.85 0.80 1.78
1961.10 2.74 2.58 2.27 3.00 2.53 1.95 1.62 2.46 2.64
1961.11 2.67 2.48 2.72 2.95 2.90 2.24 4.14 3.22 3.64
1961.12 2.25 1.76 1.67 2.42 2.61 2.62 3.98 3.97 3.22
1962.01 3.14 3.25 3.01 3.84 3.92 4.14 4.12 4.38 4.32
1962.02 1.49 1.91 2.05 2.08 2.33 1.97 4.94 5.32 6.04
1962.03 1.99 1.97 1.85 3.19 3.14 2.73 3.47 3.54 4.02
1962.04 1.80 1.54 1.37 1.40 1.11 0.63 1.19 0.98 0.70
1962.05 3.26 3.67 4.89 5.10 5.14 5.48 4.55 4.03 4.99
1962.06 3.07 3.62 2.49 2.67 2.03 2.76 3.64 4.36 2.95
1962.07 4.60 3.95 3.65 8.35 8.04 8.36 3.25 4.49 5.34
1962.08 2.23 2.49 2.19 3.50 4.13 3.41 3.26 3.56 2.98
1962.09 1.61 1.79 1.73 3.91 2.14 1.58 3.36 2.82 2.87
1962.10 3.51 3.98 2.71 2.66 3.00 3.18 2.51 2.76 3.24
1962.11 1.17 1.13 1.03 1.74 1.31 1.77 1.81 1.77 1.88
1962.12 0.68 0.72 0.74 0.96 0.90 0.82 2.34 2.04 1.54
1963.01 0.99 0.73 0.80 0.65 0.93 0.95 1.07 1.68 1.41
1963.02 0.80 0.99 0.93 0.68 0.62 0.51 0.62 0.70 0.90
1963.03 3.25 3.80 3.90 6.32 7.42 7.37 8.90 9.21 9.62
1963.04 3.28 3.80 3.27 4.06 3.94 4.01 2.19 2.12 2.23
1963.05 2.69 2.77 2.79 1.82 2.60 2.66 3.80 3.31 3.67
1963.06 2.55 2.66 2.90 2.01 2.55 1.44 2.55 2.73 2.10
1963.07 7.04 6.74 5.10 4.91 5.00 4.22 4.77 5.30 5.27
1963.08 2.03 1.87 2.34 3.74 3.18 2.34 2.35 3.24 3.07
1963.09 1.93 1.42 0.99 0.52 0.25 0.15 0.77 1.23 1.08
1963.10 1.06 0.70 0.27 0.42 0.17 0.05 0.46 0.21 0.54
1963.11 2.19 2.24 2.31 2.71 2.18 1.71 1.98 1.42 0.97
1963.12 0.80 1.00 0.83 0.83 0.87 0.89 0.97 1.05 0.93
1964.01 1.26 1.53 1.47 2.01 1.81 1.60 2.00 2.31 2.04
1964.02 0.85 0.85 0.88 1.65 1.90 1.52 1.40 1.76 2.14
1964.03 2.99 3.65 4.04 5.37 7.01 6.95 11.26 12.64 12.73
1964.04 4.65 4.73 5.27 8.16 8.36 9.34 4.78 5.08 4.44
1964.05 1.26 1.33 2.37 1.34 1.13 1.13 2.37 1.87 1.27
1964.06 3.79 4.42 3.83 4.23 3.51 4.10 4.31 5.36 4.70
1964.07 3.94 4.43 3.11 3.84 4.86 3.59 4.26 3.79 3.71
1964.08 2.35 2.44 2.39 1.57 1.66 1.51 1.77 1.69 1.89
1964.09 4.65 3.15 2.01 1.27 1.20 0.99 2.53 2.19 1.91
1964.10 0.52 0.56 0.48 0.50 0.48 0.43 0.19 0.35 0.54
1964.11 1.91 1.75 1.24 2.80 2.45 1.94 2.36 2.79 2.85
1964.12 1.87 2.01 2.13 1.86 2.66 2.41 4.06 4.58 5.10
1965.01 4.77 4.88 4.10 3.87 3.61 3.48 3.04 2.83 2.78
1965.02 1.87 2.35 2.61 2.89 4.02 3.62 4.63 4.79 4.05
1965.03 2.76 2.72 2.94 1.77 2.26 2.74 2.40 3.84 3.47
1965.04 4.52 4.57 4.47 5.14 5.49 5.96 3.77 4.26 5.31
1965.05 2.79 2.95 3.18 3.34 2.37 1.96 1.77 1.76 1.25
1965.06 2.06 3.04 2.19 3.88 2.74 1.76 4.16 4.04 2.91
1965.07 3.02 3.10 2.74 3.84 3.63 2.43 4.23 3.99 4.13
1965.08 5.87 5.24 4.82 4.00 3.71 2.76 3.79 3.33 3.79
1965.09 6.69 4.54 3.81 5.93 5.52 5.32 6.39 6.23 6.63
1965.10 2.73 2.92 3.46 1.95 2.50 3.90 1.41 2.50 3.63
1965.11 1.36 1.56 1.87 1.32 1.40 1.41 0.90 1.13 1.17
1965.12 5.51 4.44 3.94 2.34 1.80 1.41 1.42 1.14 0.99
1966.01 0.58 0.66 0.65 1.32 1.66 1.75 2.81 4.16 4.76
1966.02 1.30 1.19 1.41 1.68 2.37 2.04 3.79 4.24 4.02
1966.03 2.27 2.02 1.86 1.37 1.54 1.67 1.52 1.45 1.58
1966.04 5.26 4.42 3.17 4.11 3.50 3.26 5.86 6.25 6.62
1966.05 4.77 3.78 3.56 3.03 2.55 3.03 3.81 2.82 2.60
1966.06 2.70 1.88 2.04 2.55 2.49 1.98 1.77 1.77 1.55
1966.07 3.37 3.24 4.02 2.58 2.62 2.50 2.68 3.72 3.88
1966.08 3.23 3.10 2.86 2.54 2.82 2.56 3.61 3.80 4.00
1966.09 2.03 2.55 2.10 4.79 4.73 5.07 4.42 3.21 3.62
1966.10 1.88 1.31 1.47 1.45 1.62 1.72 1.84 1.58 1.47
1966.11 5.58 5.87 5.45 5.31 4.88 4.81 3.26 3.90 3.97
1966.12 4.09 5.37 5.26 5.48 5.10 4.73 5.34 4.68 4.25
1967.01 2.64 2.40 2.16 1.73 1.68 1.54 1.15 1.30 0.95
1967.02 1.10 1.67 1.63 1.76 1.83 1.58 1.87 1.96 1.57
1967.03 1.95 1.94 2.18 3.18 4.00 4.47 4.02 4.53 4.43
1967.04 5.61 4.75 3.92 3.62 3.78 3.93 4.29 3.87 4.37
1967.05 2.79 3.06 3.36 4.74 5.41 5.92 5.09 6.10 5.68
1967.06 5.16 3.73 3.15 1.62 1.96 3.09 2.69 3.03 2.56
1967.07 1.98 1.84 1.77 2.45 1.74 1.72 4.65 4.19 4.20
1967.08 3.37 2.60 1.89 2.65 1.66 1.51 2.84 4.30 2.46
1967.09 2.58 2.04 1.94 1.77 1.34 1.45 1.53 1.55 1.45
1967.10 5.15 4.78 4.52 4.53 5.09 4.36 4.86 4.07 2.99
1967.11 2.39 2.66 2.81 2.17 2.66 2.86 3.66 3.83 4.07
1967.12 4.97 6.42 6.38 7.29 6.35 5.80 5.67 5.39 4.40
1968.01 1.67 1.98 2.07 2.55 2.50 1.97 2.32 2.64 1.81
1968.02 2.54 1.99 1.76 1.46 1.35 0.88 1.91 1.45 0.61
1968.03 1.62 1.92 2.00 2.23 2.24 2.12 4.38 4.26 4.49
1968.04 3.54 3.51 3.00 3.22 3.26 2.60 4.17 4.26 3.92
1968.05 3.35 5.30 5.57 8.24 7.90 8.13 6.29 7.94 9.15
1968.06 6.03 6.04 6.10 3.93 3.54 4.76 2.38 2.35 2.99
1968.07 3.04 3.01 3.57 3.99 3.54 3.67 4.54 4.71 4.86
1968.08 4.47 4.61 4.67 4.20 4.20 5.01 4.35 3.97 3.08
1968.09 3.47 3.34 2.63 2.06 2.59 2.51 3.09 3.71 2.80
1968.10 1.56 1.74 1.29 1.40 1.53 1.35 1.62 1.17 1.30
1968.11 4.05 4.37 4.22 4.96 4.92 4.97 4.99 4.36 3.58
1968.12 3.22 3.01 3.39 3.05 3.72 3.60 5.40 4.82 4.50
1969.01 2.78 3.49 4.08 5.45 5.50 3.82 7.68 6.75 5.75
1969.02 0.28 0.31 0.37 0.80 0.97 1.27 0.99 1.06 1.32
1969.03 2.01 1.59 1.41 1.71 1.41 1.73 2.21 2.01 1.94
1969.04 4.57 4.56 4.35 4.73 3.89 3.80 4.04 4.55 4.50
1969.05 3.39 3.03 3.27 2.51 3.10 3.50 3.82 3.87 3.99
1969.06 4.36 5.96 5.45 4.49 4.27 5.00 4.57 4.96 4.78
1969.07 5.82 6.76 4.01 5.15 6.58 5.51 7.14 6.01 4.25
1969.08 1.10 1.24 0.81 2.25 2.51 3.76 2.93 3.15 2.81
1969.09 2.22 3.35 3.94 4.70 4.21 5.02 2.15 1.86 1.25
1969.10 5.54 4.06 3.39 4.31 3.83 2.39 3.99 2.71 1.90
1969.11 2.17 3.33 3.57 3.70 3.76 3.55 4.09 3.84 3.61
1969.12 0.98 1.10 0.99 1.44 1.75 2.01 3.19 3.01 3.12
1970.01 0.88 0.84 0.88 0.90 1.03 1.31 1.15 1.14 0.98
1970.02 0.75 0.54 0.68 1.07 1.46 1.65 2.15 1.96 1.99
1970.03 2.53 2.67 2.33 2.77 2.32 2.69 4.44 4.45 4.66
1970.04 5.48 5.73 5.17 6.67 5.83 5.11 6.69 7.96 7.14
1970.05 4.52 4.42 3.98 4.12 3.03 2.17 3.36 2.98 2.14
1970.06 4.65 3.57 2.58 2.69 2.42 3.97 6.27 5.66 4.22
1970.07 4.86 5.21 4.53 4.42 5.34 4.18 3.32 3.04 3.29
1970.08 2.10 2.32 1.77 2.07 2.57 2.70 2.75 3.16 3.81
1970.09 7.12 6.33 5.21 4.51 3.24 2.36 2.64 2.76 3.59
1970.10 3.73 3.00 3.27 3.49 4.03 3.47 4.83 5.08 4.18
1970.11 2.53 2.96 2.85 2.36 2.27 1.80 2.17 2.47 2.36
1970.12 1.06 0.81 1.27 1.23 1.77 1.83 2.54 3.15 3.39
1971.01 0.84 1.07 0.96 1.27 1.77 1.71 2.76 2.48 2.19
1971.02 2.23 2.76 3.26 4.22 4.68 4.41 4.64 5.10 5.65
1971.03 1.77 1.62 1.37 1.55 1.71 1.86 1.47 2.16 2.10
1971.04 0.77 0.82 1.33 0.79 1.25 1.31 1.98 1.78 1.96
1971.05 2.58 2.88 4.04 4.34 4.48 5.28 4.52 4.43 4.50
1971.06 4.13 3.76 3.14 5.20 4.05 4.16 3.70 3.42 3.79
1971.07 5.88 4.51 3.49 6.72 4.71 3.61 4.55 5.78 5.47
1971.08 3.39 2.95 2.01 2.00 1.59 1.51 2.50 2.56 3.86
1971.09 5.08 4.70 4.43 4.14 4.91 5.36 4.56 4.70 4.08
1971.10 1.22 2.10 2.59 1.66 2.35 2.83 2.14 2.53 1.98
1971.11 1.22 1.41 1.12 1.21 1.41 1.23 1.50 1.87 1.68
1971.12 5.16 4.54 4.24 5.75 5.40 5.09 4.06 3.88 3.78
1972.01 1.26 1.38 1.30 1.09 1.48 1.34 1.60 2.23 2.14
1972.02 0.69 0.75 0.69 0.70 1.07 0.84 2.34 2.72 2.47
1972.03 2.81 2.79 3.20 1.88 2.36 2.51 4.14 4.40 3.92
1972.04 4.03 5.66 5.36 7.07 6.52 6.92 8.34 8.59 7.53
1972.05 3.11 3.84 3.70 2.84 3.37 4.62 2.51 3.35 4.67
1972.06 3.51 2.39 2.48 4.86 4.47 3.45 2.45 2.59 2.05
1972.07 3.55 3.76 4.22 3.15 3.12 2.54 3.95 4.04 3.48
1972.08 5.34 4.38 2.29 3.78 2.15 1.84 3.71 3.38 2.80
1972.09 8.15 9.27 7.75 6.68 6.76 7.89 3.53 4.85 5.02
1972.10 3.23 3.08 2.89 2.38 2.36 2.08 2.35 2.06 2.71
1972.11 3.68 3.46 4.10 5.31 5.86 6.22 6.13 6.39 6.17
1972.12 4.40 4.15 3.02 3.99 3.37 3.05 4.04 4.86 4.29
1973.01 1.63 1.71 1.56 1.58 1.91 1.80 2.38 2.44 2.21
1973.02 1.03 0.98 1.13 0.95 1.26 1.12 1.34 1.60 1.55
1973.03 4.09 4.36 4.48 6.42 6.02 6.05 6.93 7.60 6.92
1973.04 5.09 3.67 2.81 4.23 3.90 3.65 5.98 6.15 5.29
1973.05 4.39 3.76 3.27 2.75 2.79 2.98 4.56 4.43 4.38
1973.06 5.37 5.02 4.41 7.41 6.81 7.23 6.09 5.43 7.03
1973.07 4.00 4.60 4.79 6.55 5.54 4.07 4.34 6.39 7.45
1973.08 2.42 3.17 3.96 3.42 3.88 3.78 2.77 1.97 1.78
1973.09 1.68 1.62 1.21 1.91 1.94 1.20 1.47 1.70 3.36
1973.10 3.28 2.63 2.01 2.48 2.91 2.75 2.78 2.68 3.03
1973.11 1.68 2.73 3.50 4.61 4.86 3.75 6.33 6.66 6.18
1973.12 3.66 4.38 3.93 4.79 4.01 3.44 3.84 3.28 2.64
1974.01 2.98 3.16 3.11 3.86 3.73 3.25 3.53 4.23 3.86
1974.02 2.04 1.78 1.97 2.06 2.42 2.17 1.88 2.15 2.05
1974.03 3.69 3.27 3.68 4.60 4.01 3.40 4.25 4.69 5.67
1974.04 3.76 3.19 2.77 3.92 3.36 2.70 3.51 3.92 4.27
1974.05 5.87 5.52 5.14 8.07 6.65 4.64 7.31 6.79 6.45
1974.06 3.98 3.69 3.37 5.62 5.10 4.41 4.01 2.72 3.15
1974.07 2.03 1.03 0.58 1.02 1.21 0.96 1.13 1.58 2.18
1974.08 2.38 1.96 3.15 5.27 5.41 5.92 8.12 7.45 6.95
1974.09 4.00 3.87 3.27 4.06 4.39 3.02 5.11 6.11 5.72
1974.10 1.94 1.64 1.33 2.00 1.31 0.95 1.78 1.71 1.58
1974.11 3.27 3.05 2.84 2.70 2.84 2.63 5.21 4.46 3.32
1974.12 2.33 2.47 2.67 2.74 3.10 3.04 3.00 3.22 2.79
1975.01 3.63 2.96 2.65 4.26 3.93 3.83 4.40 4.49 4.23
1975.02 2.34 2.67 2.35 3.19 3.83 3.68 4.43 4.81 4.28
1975.03 2.05 2.08 1.94 3.36 3.88 3.58 6.75 7.56 6.97
1975.04 5.15 4.00 3.76 3.59 3.99 4.42 5.19 5.05 4.42
1975.05 3.33 5.38 4.13 4.54 3.07 2.99 3.65 3.99 3.36
1975.06 7.50 6.76 6.81 4.04 4.64 3.79 3.63 4.57 4.03
1975.07 2.21 1.45 1.06 2.55 2.83 1.29 3.91 2.76 2.25
1975.08 6.14 7.15 7.06 5.94 4.95 5.12 5.63 5.57 3.26
1975.09 2.08 2.36 2.39 2.41 2.42 2.34 3.01 3.48 4.31
1975.10 1.34 1.70 1.70 2.13 3.39 3.18 3.10 4.67 4.74
1975.11 3.49 3.95 3.29 2.97 3.13 2.12 4.22 3.90 2.61
1975.12 2.84 3.26 2.73 3.18 3.67 3.78 4.59 4.40 3.77
1976.01 1.59 1.88 1.94 1.94 2.71 2.67 2.54 3.56 4.12
1976.02 2.96 3.01 2.90 2.72 2.86 2.26 2.46 2.98 3.16
1976.03 5.44 4.27 4.16 3.88 3.71 3.44 3.09 3.02 2.44
1976.04 3.49 2.59 2.33 1.26 1.27 1.48 1.46 1.37 1.05
1976.05 4.13 3.25 2.92 2.65 2.80 2.66 5.81 3.85 3.07
1976.06 4.16 5.22 4.30 6.54 5.19 5.61 4.17 4.87 6.29
1976.07 3.97 4.08 4.51 2.82 3.74 2.33 4.07 3.33 3.19
1976.08 1.68 2.04 1.35 2.00 3.02 2.42 1.60 2.56 3.33
1976.09 2.78 2.56 3.18 2.43 2.31 1.76 3.80 4.01 3.18
1976.10 2.55 2.70 2.44 2.78 2.80 3.04 4.11 3.94 4.12
1976.11 1.52 1.45 0.89 0.54 0.69 0.65 1.18 1.26 1.01
1976.12 0.82 0.88 0.80 0.35 0.51 0.61 0.56 0.56 0.49
1977.01 0.91 0.84 0.83 1.23 1.23 1.30 1.92 1.77 2.06
1977.02 0.91 1.40 2.01 2.09 2.71 2.46 1.93 2.08 1.63
1977.03 4.56 5.29 4.79 4.91 4.19 3.57 6.66 5.77 5.19
1977.04 2.14 2.59 3.60 2.17 3.21 3.38 3.62 5.14 3.43
1977.05 2.53 2.08 1.33 2.65 2.77 2.32 2.76 2.77 3.36
1977.06 4.31 4.07 4.23 2.99 2.69 2.47 5.40 5.93 5.36
1977.07 2.98 2.56 3.82 3.34 3.82 2.10 4.39 4.13 3.99
1977.08 4.97 7.09 5.67 8.47 6.82 6.27 6.77 7.35 6.33
1977.09 6.70 6.09 5.52 3.40 2.72 2.61 3.51 3.05 2.12
1977.10 2.62 2.47 1.98 4.86 4.21 3.98 3.50 4.13 4.42
1977.11 2.47 2.54 2.55 2.13 2.45 2.47 3.59 4.08 4.64
1977.12 2.32 3.11 3.36 3.78 4.02 4.10 3.95 4.68 4.80
1978.01 1.71 2.45 2.81 2.20 2.96 2.61 2.90 3.83 4.67
1978.02 0.77 0.53 0.46 0.50 0.36 0.30 0.63 0.52 0.31
1978.03 1.98 2.08 2.66 3.53 3.07 2.62 4.75 3.69 3.27
1978.04 3.97 3.88 4.28 3.97 4.08 4.84 3.87 3.74 3.24
1978.05 4.29 3.46 2.90 4.38 4.14 4.05 4.25 4.63 4.68
1978.06 3.00 2.98 3.02 3.09 4.34 4.00 1.60 2.46 4.36
1978.07 3.39 3.81 2.97 5.37 5.26 3.51 6.25 7.22 6.41
1978.08 3.38 2.70 3.61 4.84 7.23 5.94 5.81 6.30 6.58
1978.09 2.22 2.37 2.11 1.14 0.94 1.01 1.41 1.02 1.05
1978.10 2.66 2.27 2.03 2.29 3.01 3.18 2.55 4.12 3.45
1978.11 2.11 2.71 2.71 3.35 3.00 2.52 4.48 4.48 3.63
1978.12 3.22 3.33 2.87 3.07 3.33 3.64 5.58 6.12 5.87
1979.01 2.77 2.74 2.58 3.49 3.64 2.99 4.23 4.81 4.32
1979.02 0.99 1.23 1.01 1.55 2.24 1.86 4.22 4.20 4.33
1979.03 3.72 3.59 3.06 3.56 2.33 1.57 5.57 3.36 2.31
1979.04 4.99 4.28 3.34 4.49 3.59 3.88 5.60 5.71 5.44
1979.05 2.32 2.33 2.70 2.73 2.83 3.53 4.13 4.93 3.74
1979.06 3.13 2.99 3.12 3.51 3.72 4.92 5.36 5.45 4.28
1979.07 3.43 2.99 3.52 9.43 10.22 9.64 11.99 10.61 7.88
1979.08 5.80 6.05 5.21 7.45 5.88 8.55 6.07 5.56 6.33
1979.09 0.05 0.09 0.32 0.29 0.91 1.68 2.36 3.49 6.53
1979.10 2.70 3.83 2.66 2.73 3.01 2.71 2.13 2.17 2.26
1979.11 3.91 4.35 4.20 4.44 5.30 5.64 6.92 7.66 6.88
1979.12 1.93 2.39 2.70 1.83 2.57 2.21 2.99 3.18 3.16
1980.01 0.84 1.07 0.89 1.09 1.35 1.18 1.74 2.24 2.32
1980.02 1.29 1.81 1.54 1.95 1.77 1.43 1.40 1.19 1.44
1980.03 3.28 3.35 4.00 4.32 4.27 4.48 5.00 4.95 4.91
1980.04 2.46 3.01 3.09 2.95 2.44 2.19 3.09 3.39 2.54
1980.05 2.13 2.92 3.33 2.01 3.45 3.88 3.48 4.43 5.01
1980.06 4.62 5.25 4.13 6.26 5.91 7.18 5.16 4.87 4.19
1980.07 1.86 3.44 5.15 4.14 3.96 4.66 4.84 4.24 4.65
1980.08 6.88 6.74 5.44 3.88 6.48 5.66 3.01 3.65 5.48
1980.09 4.76 3.79 3.07 3.44 2.54 1.89 3.00 2.99 2.03
1980.10 1.81 2.30 2.01 2.19 2.18 2.09 3.00 2.55 2.70
1980.11 1.17 1.02 0.92 1.31 1.35 1.40 2.28 2.05 2.31
1980.12 2.59 2.79 2.67 0.97 1.08 1.42 0.96 1.07 1.15
1981.01 0.44 0.47 0.56 0.33 0.37 0.36 0.49 0.48 0.47
1981.02 1.69 2.04 2.41 2.61 2.67 2.44 3.01 3.12 3.16
1981.03 0.67 0.46 0.65 0.93 1.42 1.17 1.95 2.33 1.95
1981.04 7.64 6.22 5.86 5.81 5.76 5.32 4.04 5.39 4.97
1981.05 5.93 6.10 4.45 8.83 7.84 7.56 11.21 6.96 5.47
1981.06 7.00 7.30 9.53 2.55 2.90 4.88 2.73 3.13 3.01
1981.07 5.43 4.64 4.32 6.38 4.85 5.26 4.23 5.07 3.68
1981.08 3.59 3.42 3.27 6.85 4.04 3.10 4.85 4.89 2.78
1981.09 5.00 4.08 4.59 4.18 2.91 2.52 2.18 2.61 2.40
1981.10 2.07 2.32 2.63 2.69 2.71 2.57 2.50 2.57 2.53
1981.11 2.88 1.64 1.40 1.34 1.32 1.40 3.09 2.37 1.88
1981.12 1.88 2.22 2.64 2.82 3.23 3.16 3.10 3.44 3.47
1982.01 3.18 4.27 3.69 4.78 5.07 4.56 8.52 7.36 7.50
1982.02 1.29 1.60 2.21 1.52 2.25 2.53 2.75 1.93 1.92
1982.03 4.32 3.65 3.94 4.37 4.79 4.81 5.06 5.12 5.07
1982.04 2.64 2.32 2.52 2.82 2.39 2.04 2.77 2.76 2.47
1982.05 4.21 4.24 4.02 5.36 4.62 5.35 4.59 4.06 5.24
1982.06 2.69 3.19 4.48 5.30 4.30 3.96 4.43 4.82 5.05
1982.07 4.43 3.41 3.38 4.63 3.39 2.65 3.31 3.99 3.60
1982.08 2.27 2.82 2.57 4.44 3.34 3.59 4.11 5.67 4.02
1982.09 2.51 2.17 2.52 1.99 1.08 1.23 5.55 4.58 2.15
1982.10 1.68 1.73 1.04 2.33 1.01 0.81 2.31 2.25 1.56
1982.11 6.44 6.07 6.51 4.22 4.68 4.62 4.33 4.63 4.77
1982.12 4.64 4.30 3.97 6.23 5.30 3.50 7.87 6.49 5.02
1983.01 0.93 0.69 0.87 0.80 0.89 1.10 1.69 1.69 1.54
1983.02 1.24 0.77 0.87 1.03 0.85 0.78 1.00 1.26 1.02
1983.03 3.06 2.44 2.09 2.46 2.37 2.01 3.67 2.66 1.93
1983.04 5.80 4.99 4.72 4.46 4.68 4.50 8.94 7.49 6.46
1983.05 4.61 4.77 4.35 5.44 5.76 4.76 9.88 10.51 8.63
1983.06 2.64 3.00 2.96 4.10 2.62 2.87 3.70 2.80 4.12
1983.07 4.34 2.71 2.42 1.95 2.48 2.78 1.57 1.49 1.07
1983.08 2.64 1.85 1.64 3.17 2.55 1.97 1.97 3.05 3.02
1983.09 2.71 2.67 2.33 1.82 1.25 1.11 1.33 1.84 1.57
1983.10 3.10 3.23 3.54 5.35 5.74 6.27 7.75 8.94 10.37
1983.11 3.95 3.15 3.85 3.87 5.15 5.32 5.44 5.40 4.66
1983.12 3.64 3.75 3.97 4.12 4.03 3.41 3.35 3.25 3.42
1984.01 0.99 0.87 0.93 0.61 0.83 0.96 1.01 0.96 1.01
1984.02 1.51 1.23 1.20 1.76 2.34 1.89 2.33 2.18 1.71
1984.03 3.23 2.75 3.57 3.01 3.13 2.64 6.01 4.42 3.68
1984.04 3.45 3.23 3.74 4.65 4.89 4.86 6.82 6.27 5.61
1984.05 6.53 5.46 4.70 4.88 4.07 3.96 4.36 4.77 6.27
1984.06 3.77 2.80 1.99 1.75 2.17 1.40 1.42 1.29 1.57
1984.07 2.74 3.00 3.49 4.14 3.98 3.88 3.18 4.46 5.18
1984.08 1.29 1.50 1.84 2.14 2.58 2.50 2.34 2.41 3.63
1984.09 2.74 3.52 4.54 3.91 4.27 4.51 5.01 4.76 3.98
1984.10 4.10 4.85 3.55 3.90 3.37 3.37 5.51 3.98 3.36
1984.11 3.99 3.64 3.45 4.02 4.78 3.31 5.50 4.90 5.55
1984.12 3.62 3.12 2.78 3.00 3.78 3.50 5.46 5.24 5.13
1985.01 2.32 2.64 2.12 2.65 1.59 1.43 1.97 2.20 1.93
1985.02 3.63 4.54 3.52 4.10 3.56 3.03 4.08 3.11 2.78
1985.03 4.58 4.59 4.38 5.00 5.43 5.16 6.44 6.51 5.91
1985.04 1.84 2.27 1.91 2.16 2.67 1.75 2.63 1.89 1.89
1985.05 2.12 1.99 2.45 3.70 5.05 4.63 4.83 5.58 4.26
1985.06 2.54 2.75 2.82 3.17 3.10 3.34 5.02 4.95 3.91
1985.07 3.41 2.68 2.45 3.00 3.66 3.64 2.36 3.42 3.45
1985.08 4.89 4.48 5.56 6.53 5.74 3.89 5.12 6.16 4.98
1985.09 2.52 2.30 3.08 1.67 2.30 1.53 2.42 1.25 0.85
1985.10 4.33 3.79 3.41 2.01 2.92 2.45 6.12 5.59 4.94
1985.11 7.59 6.19 6.15 10.79 9.41 8.08 9.24 7.94 7.62
1985.12 1.88 2.33 2.12 2.84 3.04 2.98 1.82 1.91 1.91
1986.01 0.47 0.54 0.50 0.27 0.78 1.11 1.04 0.98 1.26
1986.02 2.38 2.21 2.76 2.69 2.93 3.36 4.30 4.16 3.45
1986.03 1.65 1.66 2.64 2.74 3.32 2.73 3.13 3.08 3.21
1986.04 2.06 2.10 2.27 2.44 3.19 3.47 1.98 1.87 2.29
1986.05 4.90 4.14 4.01 5.76 6.11 4.74 5.35 3.41 3.56
1986.06 5.27 5.56 6.21 4.13 3.98 4.81 3.32 2.82 2.54
1986.07 4.57 5.70 6.81 4.03 4.68 6.01 7.23 5.75 5.15
1986.08 2.24 1.81 3.04 1.81 2.46 2.38 2.64 3.68 2.43
1986.09 5.53 4.55 4.53 4.69 4.95 4.55 4.51 4.56 4.19
1986.10 4.30 4.03 4.04 4.93 5.28 6.10 4.24 4.16 3.78
1986.11 2.88 2.02 2.01 1.70 2.12 2.34 2.63 3.50 3.86
1986.12 1.30 1.82 1.72 1.72 1.85 1.75 2.42 2.12 2.74
1987.01 1.85 2.84 2.03 1.62 1.57 1.42 1.18 1.08 1.08
1987.02 0.11 0.56 0.22 0.43 0.69 0.45 2.73 2.40 1.82
1987.03 1.13 1.28 1.53 1.84 2.61 2.37 2.46 2.99 4.28
1987.04 2.60 2.82 2.57 3.25 2.55 2.45 2.60 2.68 2.54
1987.05 5.75 3.79 4.25 2.50 2.75 3.94 3.27 2.66 2.10
1987.06 4.37 4.24 4.34 5.84 3.72 5.80 4.55 4.80 3.44
1987.07 3.90 4.39 3.08 5.75 6.56 6.22 4.97 5.65 6.34
1987.08 6.35 5.54 5.22 3.38 2.33 2.27 1.19 0.63 2.35
1987.09 2.82 2.84 2.26 2.69 1.23 0.68 1.99 1.68 1.47
1987.10 2.52 2.05 2.29 1.38 1.72 1.64 1.61 1.20 1.18
1987.11 1.95 2.76 3.13 2.91 2.90 2.60 2.89 2.48 2.34
1987.12 5.02 4.30 4.02 5.68 4.31 3.42 5.24 4.73 3.83
1988.01 1.82 1.45 1.12 1.57 1.58 1.06 2.49 2.19 2.12
1988.02 1.53 1.73 1.92 2.39 3.13 2.80 4.73 4.95 4.54
1988.03 3.19 2.65 2.52 3.73 2.85 2.24 3.53 2.97 3.14
1988.04 2.60 2.84 2.53 2.92 3.92 2.68 2.65 2.85 3.90
1988.05 1.59 1.43 1.38 1.36 1.22 1.11 1.88 1.66 2.12
1988.06 1.01 0.89 0.79 0.36 0.60 0.91 0.94 0.69 0.50
1988.07 2.27 2.69 3.72 3.43 4.25 4.08 5.95 6.17 5.44
1988.08 4.20 4.43 3.38 2.29 2.29 2.05 2.76 3.33 3.41
1988.09 2.49 3.12 3.57 2.30 2.90 3.05 2.25 2.67 3.48
1988.10 4.50 4.90 3.98 3.54 2.88 2.38 3.14 2.84 2.66
1988.11 5.42 4.75 4.28 5.58 4.94 5.15 7.12 6.01 5.78
1988.12 2.78 2.37 2.25 2.34 2.45 2.36 2.68 2.65 2.93
1989.01 1.40 1.77 2.14 1.82 2.06 2.28 3.77 3.34 3.76
1989.02 1.33 1.03 0.98 1.34 1.47 1.54 6.14 5.33 5.38
1989.03 1.71 1.48 1.88 2.97 4.40 3.93 8.13 8.00 6.90
1989.04 2.36 2.73 3.36 4.77 5.28 5.08 4.21 4.62 5.70
1989.05 4.63 4.27 5.25 6.84 6.31 6.57 4.40 4.90 4.78
1989.06 4.44 4.03 4.39 2.86 2.74 3.23 4.13 3.88 4.19
1989.07 3.77 4.39 3.41 5.92 5.79 5.27 7.46 6.18 4.34
1989.08 2.97 3.66 3.99 6.53 5.30 3.34 4.15 4.08 5.47
1989.09 5.67 4.57 4.34 6.46 6.28 6.31 3.53 4.24 3.07
1989.10 1.76 1.55 1.72 1.37 1.52 1.58 2.32 2.87 2.79
1989.11 2.62 2.70 2.43 2.54 3.26 3.17 2.93 3.09 2.79
1989.12 0.97 1.81 1.51 1.06 1.40 1.42 1.59 2.32 2.04