1929.01       6.600
1929.02       6.504
1929.03       6.540
1929.04       6.481
1929.05       6.471
1929.06       6.571
1929.07       6.673
1929.08       6.678
1929.09       6.727
1929.10       6.708
1929.11       6.871
1929.12       6.777
1930.01       6.447
1930.02       6.311
1930.03       6.368
1930.04       6.382
1930.05       6.354
1930.06       6.396
1930.07       6.412
1930.08       6.372
1930.09       6.411
1930.10       6.424
1930.11       6.482
1930.12       6.620
1931.01       6.508
1931.02       6.345
1931.03       6.476
1931.04       6.523
1931.05       6.566
1931.06       6.596
1931.07       6.672
1931.08       6.715
1931.09       6.836
1931.10       7.084
1931.11       6.978
1931.12       7.039
1932.01       6.963
1932.02       6.873
1932.03       6.770
1932.04       6.781
1932.05       6.919
1932.06       6.954
1932.07       7.111
1932.08       7.130
1932.09       7.276
1932.10       7.360
1932.11       7.430
1932.12       7.521
1933.01       7.524
1933.02       7.547
1933.03       8.107
1933.04       7.556
1933.05       7.343
1933.06       7.317
1933.07       7.319
1933.08       7.360
1933.09       7.488
1933.10       7.572
1933.11       7.640
1933.12       7.751
1934.01       7.757
1934.02       7.780
1934.03       8.333
1934.04       8.568
1934.05       8.651
1934.06       8.749
1934.07       8.899
1934.08       9.020
1934.09       9.001
1934.10       8.997
1934.11       9.155
1934.12       9.130
1935.01       9.277
1935.02       9.551
1935.03       9.519
1935.04       9.530
1935.05       9.878
1935.06      10.085
1935.07      10.110
1935.08      10.381
1935.09      10.435
1935.10      10.712
1935.11      11.056
1935.12      11.020
1936.01      10.947
1936.02      10.986
1936.03      10.731
1936.04      10.663
1936.05      11.013
1936.06      10.927
1936.07      11.443
1936.08      11.010
1936.09      10.524
1936.10      10.823
1936.11      11.083
1936.12      11.137
1937.01      11.029
1937.02      11.033
1937.03      10.322
1937.04      10.468
1937.05       9.876
1937.06       9.870
1937.07       9.900
1937.08       9.789
1937.09       9.994
1937.10      10.119
1937.11      10.121
1937.12      10.180
1938.01      10.244
1938.02      10.207
1938.03      10.315
1938.04      10.867
1938.05      11.359
1938.06      11.525
1938.07      11.824
1938.08      11.797
1938.09      11.850
1938.10      12.244
1938.11      12.489
1938.12      12.638
1939.01      12.735
1939.02      12.625
1939.03      12.733
1939.04      13.373
1939.05      13.753
1939.06      13.918
1939.07      14.203
1939.08      14.521
1939.09      15.362
1939.10      15.737
1939.11      15.636
1939.12      15.545
1940.01      15.848
1940.02      16.028
1940.03      16.188
1940.04      16.541
1940.05      16.949
1940.06      17.609
1940.07      17.840
1940.08      17.614
1940.09      17.944
1940.10      18.420
1940.11      18.660
1940.12      18.610
1941.01      18.762
1941.02      18.489
1941.03      18.587
1941.04      18.523
1941.05      18.727
1941.06      18.367
1941.07      18.499
1941.08      18.541
1941.09      18.854
1941.10      18.985
1941.11      17.855
1941.12      18.185
1942.01      18.400
1942.02      18.554
1942.03      18.616
1942.04      18.769
1942.05      18.825
1942.06      19.082
1942.07      19.089
1942.08      19.707
1942.09      20.337
1942.10      21.170
1942.11      21.957
1942.12      22.945
1943.01      23.268
1943.02      23.304
1943.03      23.875
1943.04      23.839
1943.05      23.681
1943.06      24.053
1943.07      24.531
1943.08      25.100
1943.09      25.886
1943.10      25.564
1943.11      26.243
1943.12      27.207
1944.01      27.516
1944.02      27.358
1944.03      27.680
1944.04      27.956
1944.05      28.688
1944.06      29.695
1944.07      29.607
1944.08      30.005
1944.09      30.838
1944.10      31.623
1944.11      32.725
1944.12      33.275
1945.01      32.816
1945.02      33.046
1945.03      33.536
1945.04      33.786
1945.05      34.485
1945.06      35.157
1945.07      35.047
1945.08      35.615
1945.09      36.254
1945.10      36.609
1945.11      37.087
1945.12      37.193
1946.01      36.798
1946.02      36.387
1946.03      36.233
1946.04      36.244
1946.05      36.413
1946.06      37.028
1946.07      37.184
1946.08      37.251
1946.09      37.234
1946.10      37.338
1946.11      37.569
1946.12      37.795
1947.01      37.254
1947.02      36.747
1947.03      36.730
1947.04      36.586
1947.05      36.576
1947.06      36.930
1947.07      37.086
1947.08      37.171
1947.09      37.867
1947.10      37.873
1947.11      37.846
1947.12      38.170
1948.01      37.753
1948.02      36.978
1948.03      36.737
1948.04      36.564
1948.05      36.518
1948.06      36.704
1948.07      36.779
1948.08      36.918
1948.09      37.207
1948.10      37.202
1948.11      37.280
1948.12      37.631
1949.01      37.088
1949.02      36.507
1949.03      36.386
1949.04      36.089
1949.05      36.088
1949.06      36.132
1949.07      36.424
1949.08      36.473
1949.09      36.616
1949.10      36.649
1949.11      36.707
1949.12      37.086
1950.01      36.767
1950.02      36.298
1950.03      36.295
1950.04      36.046
1950.05      36.065
1950.06      36.530
1950.07      36.652
1950.08      36.426
1950.09      36.963
1950.10      36.799
1950.11      36.950
1950.12      37.880
1951.01      37.239
1951.02      36.823
1951.03      37.056
1951.04      37.109
1951.05      36.930
1951.06      37.748
1951.07      37.969
1951.08      38.020
1951.09      38.425
1951.10      38.427
1951.11      38.566
1951.12      39.320
1952.01      39.013
1952.02      38.377
1952.03      38.892
1952.04      38.582
1952.05      38.673
1952.06      39.140
1952.07      39.520
1952.08      39.421
1952.09      40.090
1952.10      40.255
1952.11      40.715
1952.12      41.129
1953.01      40.441
1953.02      39.990
1953.03      39.967
1953.04      39.877
1953.05      39.932
1953.06      40.291
1953.07      40.613
1953.08      40.642
1953.09      40.850
1953.10      40.834
1953.11      41.179
1953.12      41.854
1954.01      41.442
1954.02      40.552
1954.03      40.432
1954.04      40.364
1954.05      40.432
1954.06      40.596
1954.07      40.714
1954.08      40.791
1954.09      40.829
1954.10      41.261
1954.11      41.756
1954.12      42.297
1955.01      41.622
1955.02      41.045
1955.03      40.949
1955.04      40.798
1955.05      40.776
1955.06      41.084
1955.07      41.372
1955.08      41.250
1955.09      41.473
1955.10      41.710
1955.11      41.928
1955.12      42.701
1956.01      41.929
1956.02      41.225
1956.03      41.469
1956.04      41.270
1956.05      41.202
1956.06      41.994
1956.07      42.223
1956.08      42.055
1956.09      41.817
1956.10      41.800
1956.11      42.279
1956.12      42.928
1957.01      42.005
1957.02      41.237
1957.03      41.484
1957.04      41.703
1957.05      41.513
1957.06      42.019
1957.07      42.356
1957.08      42.079
1957.09      42.301
1957.10      42.445
1957.11      42.691
1957.12      42.974
1958.01      42.022
1958.02      41.377
1958.03      42.045
1958.04      42.202
1958.05      42.435
1958.06      42.687
1958.07      42.898
1958.08      42.984
1958.09      42.781
1958.10      42.879
1958.11      43.371
1958.12      44.156
1959.01      43.396
1959.02      42.828
1959.03      42.870
1959.04      43.243
1959.05      43.310
1959.06      43.491
1959.07      43.786
1959.08      43.776
1959.09      43.782
1959.10      43.865
1959.11      44.150
1959.12      44.949
1960.01      44.163
1960.02      43.206
1960.03      43.064
1960.04      43.223
1960.05      43.292
1960.06      43.526
1960.07      43.906
1960.08      43.800
1960.09      44.085
1960.10      44.429
1960.11      44.905
1960.12      45.328
1961.01      44.429
1961.02      43.982
1961.03      43.843
1961.04      43.941
1961.05      44.024
1961.06      44.375
1961.07      44.641
1961.08      44.754
1961.09      44.971
1961.10      45.344
1961.11      45.844
1961.12      46.593
1962.01      45.738
1962.02      45.147
1962.03      45.290
1962.04      45.649
1962.05      45.798
1962.06      46.068
1962.07      46.465
1962.08      46.322
1962.09      46.486
1962.10      46.790
1962.11      47.321
1962.12      48.077
1963.01      47.414
1963.02      46.916
1963.03      47.064
1963.04      47.337
1963.05      47.553
1963.06      48.015
1963.07      48.605
1963.08      48.409
1963.09      48.750
1963.10      48.958
1963.11      49.585
1963.12      50.591
1964.01      49.870
1964.02      49.185
1964.03      49.556
1964.04      49.810
1964.05      49.932
1964.06      50.567
1964.07      51.016
1964.08      51.051
1964.09      51.487
1964.10      51.736
1964.11      52.334
1964.12      53.183
1965.01      52.553
1965.02      52.034
1965.03      52.236
1965.04      52.477
1965.05      52.666
1965.06      53.183
1965.07      53.801
1965.08      53.643
1965.09      54.063
1965.10      54.507
1965.11      55.056
1965.12      56.216
1966.01      55.697
1966.02      55.087
1966.03      55.323
1966.04      55.723
1966.05      55.945
1966.06      56.392
1966.07      57.028
1966.08      56.639
1966.09      56.803
1966.10      56.965
1966.11      57.562
1966.12      58.531
1967.01      58.024
1967.02      57.448
1967.03      57.864
1967.04      58.139
1967.05      58.336
1967.06      58.882
1967.07      59.566
1967.08      59.528
1967.09      59.946
1967.10      60.533
1967.11      61.183
1967.12      62.352
1968.01      61.869
1968.02      61.183
1968.03      61.473
1968.04      61.910
1968.05      62.114
1968.06      62.845
1968.07      63.604
1968.08      63.725
1968.09      63.905
1968.10      64.578
1968.11      65.468
1968.12      66.782
1969.01      66.287
1969.02      65.555
1969.03      65.590
1969.04      65.796
1969.05      66.438
1969.06      66.764
1969.07      67.217
1969.08      66.908
1969.09      66.870
1969.10      67.268
1969.11      68.241
1969.12      69.298
1970.01      68.611
1970.02      67.806
1970.03      67.934
1970.04      68.781
1970.05      69.347
1970.06      69.626
1970.07      70.502
1970.08      70.647
1970.09      71.023
1970.10      71.452
1970.11      72.316
1970.12      73.709
1971.01      73.353
1971.02      73.112
1971.03      73.376
1971.04      74.142
1971.05      74.871
1971.06      75.459
1971.07      76.559
1971.08      76.401
1971.09      76.703
1971.10      76.976
1971.11      77.808
1971.12      79.052
1972.01      78.882
1972.02      78.013
1972.03      78.581
1972.04      79.671
1972.05      80.247
1972.06      80.750
1972.07      81.634
1972.08      81.703
1972.09      81.852
1972.10      82.843
1972.11      84.177
1972.12      85.822
1973.01      85.770
1973.02      84.604
1973.03      85.217
1973.04      86.632
1973.05      87.076
1973.06      87.693
1973.07      88.873
1973.08      88.548
1973.09      88.670
1973.10      89.425
1973.11      90.515
1973.12      92.217
1974.01      92.299
1974.02      91.158
1974.03      91.682
1974.04      93.455
1974.05      94.237
1974.06      94.729
1974.07      95.953
1974.08      95.739
1974.09      96.053
1974.10      96.953
1974.11      98.233
1974.12     100.450
1975.01      99.426
1975.02      98.390
1975.03      99.222
1975.04     100.455
1975.05     100.889
1975.06     102.485
1975.07     103.650
1975.08     103.251
1975.09     103.418
1975.10     104.091
1975.11     105.690
1975.12     107.744
1976.01     106.561
1976.02     105.771
1976.03     106.639
1976.04     108.474
1976.05     108.935
1976.06     109.822
1976.07     110.850
1976.08     111.063
1976.09     111.227
1976.10     112.109
1976.11     113.895
1976.12     115.713
1977.01     115.392
1977.02     113.880
1977.03     114.761
1977.04     116.743
1977.05     117.017
1977.06     117.857
1977.07     120.044
1977.08     120.198
1977.09     120.551
1977.10     121.656
1977.11     123.611
1977.12     125.660
1978.01     125.814
1978.02     124.439
1978.03     125.115
1978.04     127.018
1978.05     128.086
1978.06     129.271
1978.07     131.387
1978.08     131.038
1978.09     131.967
1978.10     133.257
1978.11     135.092
1978.12     137.481
1979.01     136.961
1979.02     134.959
1979.03     135.569
1979.04     137.930
1979.05     138.278
1979.06     139.591
1979.07     142.004
1979.08     142.396
1979.09     143.262
1979.10     144.825
1979.11     146.192
1979.12     148.921
1980.01     147.884
1980.02     146.110
1980.03     147.021
1980.04     148.663
1980.05     149.144
1980.06     150.601
1980.07     153.122
1980.08     153.978
1980.09     154.929
1980.10     156.289
1980.11     158.805
1980.12     161.297
1981.01     158.246
1981.02     156.373
1981.03     157.326
1981.04     160.594
1981.05     161.525
1981.06     161.667
1981.07     163.959
1981.08     163.673
1981.09     163.049
1981.10     163.077
1981.11     165.390
1981.12     168.821
1982.01     167.991
1982.02     165.443
1982.03     165.945
1982.04     168.780
1982.05     170.075
1982.06     171.577
1982.07     173.081
1982.08     173.319
1982.09     173.542
1982.10     175.035
1982.11     177.955
1982.12     181.814
1983.01     180.795
1983.02     179.183
1983.03     181.582
1983.04     184.998
1983.05     186.769
1983.06     188.966
1983.07     191.148
1983.08     191.367
1983.09     191.757
1983.10     193.354
1983.11     196.355
1983.12     199.619
1984.01     198.705
1984.02     195.903
1984.03     198.493
1984.04     201.929
1984.05     202.487
1984.06     205.343
1984.07     207.010
1984.08     206.109
1984.09     206.895
1984.10     206.353
1984.11     209.220
1984.12     213.281
1985.01     211.232
1985.02     207.913
1985.03     210.557
1985.04     214.219
1985.05     215.216
1985.06     218.822
1985.07     221.172
1985.08     221.664
1985.09     223.012
1985.10     223.531
1985.11     226.799
1985.12     232.221
1986.01     229.402
1986.02     224.833
1986.03     228.778
1986.04     233.144
1986.05     234.849
1986.06     238.503
1986.07     241.711
1986.08     241.851
1986.09     242.921
1986.10     243.980
1986.11     248.736
1986.12     255.735
1987.01     254.480
1987.02     249.620
1987.03     252.383
1987.04     257.751
1987.05     258.693
1987.06     260.723
1987.07     262.207
1987.08     262.364
1987.09     263.062
1987.10     263.902
1987.11     268.316
1987.12     272.800
1988.01     272.126
1988.02     266.409
1988.03     269.618
1988.04     275.516
1988.05     275.491
1988.06     280.124
1988.07     282.600
1988.08     281.496
1988.09     282.062
1988.10     281.993
1988.11     285.962
1988.12     291.245
1989.01     288.727
1989.02     281.974
1989.03     285.529
1989.04     288.958
1989.05     287.802
1989.06     290.874
1989.07     292.742
1989.08     290.872
1989.09     291.507
1989.10     291.408
1989.11     294.969
1989.12     301.646
1990.01     299.886
1990.02     294.330
1990.03     299.351
1990.04     305.082
1990.05     304.598
1990.06     309.287
1990.07     311.663
1990.08     312.609
1990.09     315.799
1990.10     316.115
1990.11     320.972
1990.12     327.749
1991.01     329.087
1991.02     326.471
1991.03     330.818
1991.04     334.136
1991.05     333.877
1991.06     337.740
1991.07     339.928
1991.08     339.688
1991.09     341.237
1991.10     342.368
1991.11     347.738
1991.12     355.232
1992.01     352.685
1992.02     350.511
1992.03     355.139
1992.04     361.524
1992.05     362.292
1992.06     364.861
1992.07     368.375
1992.08     370.642
1992.09     375.207
1992.10     378.201
1992.11     384.823
1992.12     391.490
1993.01     389.898
1993.02     388.279
1993.03     391.420
1993.04     398.560
1993.05     400.492
1993.06     405.700
1993.07     409.583
1993.08     411.404
1993.09     415.470
1993.10     418.679
1993.11     423.415
1993.12     430.309
1994.01     429.313
1994.02     428.711
1994.03     432.366
1994.04     439.249
1994.05     439.070
1994.06     443.544
1994.07     447.546
1994.08     447.525
1994.09     449.612
1994.10     451.420
1994.11     456.536
1994.12     461.840
1995.01     459.779
1995.02     455.543
1995.03     460.289
1995.04     466.931
1995.05     465.640
1995.06     467.155
