1941.01       0.440
1941.02       0.440
1941.03       0.440
1941.04       0.440
1941.05       0.440
1941.06       0.440
1941.07       0.440
1941.08       0.440
1941.09       0.440
1941.10       0.440
1941.11       0.440
1941.12       0.440
1942.01       0.440
1942.02       0.440
1942.03       0.440
1942.04       0.440
1942.05       0.440
1942.06       0.440
1942.07       0.440
1942.08       0.440
1942.09       0.440
1942.10       0.440
1942.11       0.440
1942.12       0.440
1943.01       0.440
1943.02       0.440
1943.03       0.440
1943.04       0.440
1943.05       0.440
1943.06       0.440
1943.07       0.440
1943.08       0.440
1943.09       0.440
1943.10       0.440
1943.11       0.440
1943.12       0.440
1944.01       0.440
1944.02       0.440
1944.03       0.440
1944.04       0.440
1944.05       0.440
1944.06       0.440
1944.07       0.440
1944.08       0.440
1944.09       0.440
1944.10       0.440
1944.11       0.440
1944.12       0.440
1945.01       0.440
1945.02       0.440
1945.03       0.440
1945.04       0.440
1945.05       0.440
1945.06       0.440
1945.07       0.440
1945.08       0.440
1945.09       0.440
1945.10       0.440
1945.11       0.440
1945.12       0.440
1946.01       0.440
1946.02       0.440
1946.03       0.440
1946.04       0.440
1946.05       0.480
1946.06       0.500
1946.07       0.610
1946.08       0.730
1946.09       0.810
1946.10       0.810
1946.11       0.810
1946.12       0.810
1947.01       0.810
1947.02       0.810
1947.03       0.810
1947.04       0.810
1947.05       0.810
1947.06       0.810
1947.07       0.810
1947.08       0.840
1947.09       0.940
1947.10       0.940
1947.11       0.940
1947.12       1.050
1948.01       1.060
1948.02       1.060
1948.03       1.060
1948.04       1.060
1948.05       1.060
1948.06       1.060
1948.07       1.060
1948.08       1.140
1948.09       1.190
1948.10       1.190
1948.11       1.190
1948.12       1.190
1949.01       1.190
1949.02       1.190
1949.03       1.190
1949.04       1.190
1949.05       1.190
1949.06       1.190
1949.07       1.070
1949.08       1.060
1949.09       1.060
1949.10       1.060
1949.11       1.060
1949.12       1.060
1950.01       1.060
1950.02       1.060
1950.03       1.060
1950.04       1.060
1950.05       1.060
1950.06       1.060
1950.07       1.060
1950.08       1.160
1950.09       1.310
1950.10       1.310
1950.11       1.310
1950.12       1.310
1951.01       1.370
1951.02       1.500
1951.03       1.610
1951.04       1.630
1951.05       1.630
1951.06       1.630
1951.07       1.630
1951.08       1.630
1951.09       1.630
1951.10       1.630
1951.11       1.630
1951.12       1.680
1952.01       1.750
1952.02       1.750
1952.03       1.750
1952.04       1.750
1952.05       1.750
1952.06       1.750
1952.07       1.750
1952.08       1.750
1952.09       1.750
1952.10       1.750
1952.11       1.750
1952.12       1.750
1953.01       1.820
1953.02       1.880
1953.03       1.880
1953.04       1.880
1953.05       1.880
1953.06       1.880
1953.07       1.880
1953.08       1.880
1953.09       1.880
1953.10       1.880
1953.11       1.880
1953.12       1.880
1954.01       1.880
1954.02       1.680
1954.03       1.480
1954.04       1.250
1954.05       1.250
1954.06       1.250
1954.07       1.250
1954.08       1.250
1954.09       1.250
1954.10       1.250
1954.11       1.250
1954.12       1.250
1955.01       1.330
1955.02       1.380
1955.03       1.380
1955.04       1.430
1955.05       1.500
1955.06       1.500
1955.07       1.500
1955.08       1.670
1955.09       2.080
1955.10       2.230
1955.11       2.170
1955.12       2.430
1956.01       2.450
1956.02       2.380
1956.03       2.380
1956.04       2.440
1956.05       2.500
1956.06       2.450
1956.07       2.430
1956.08       2.650
1956.09       2.880
1956.10       2.880
1956.11       3.050
1956.12       3.350
1957.01       3.380
1957.02       3.380
1957.03       3.270
1957.04       3.200
1957.05       3.250
1957.06       3.360
1957.07       3.380
1957.08       3.780
1957.09       3.830
1957.10       3.750
1957.11       3.500
1957.12       3.350
1958.01       3.060
1958.02       2.300
1958.03       1.800
1958.04       1.520
1958.05       1.300
1958.06       1.130
1958.07       1.130
1958.08       1.650
1958.09       2.390
1958.10       2.750
1958.11       2.750
1958.12       2.750
1959.01       2.750
1959.02       2.750
1959.03       2.880
1959.04       2.980
1959.05       3.170
1959.06       3.310
1959.07       3.450
1959.08       3.560
1959.09       4.070
1959.10       4.250
1959.11       4.250
1959.12       4.470
1960.01       4.780
1960.02       4.440
1960.03       3.960
1960.04       3.880
1960.05       3.780
1960.06       3.280
1960.07       3.130
1960.08       3.040
1960.09       3.000
1960.10       3.000
1960.11       3.000
1960.12       2.920
1961.01       2.860
1961.02       2.780
1961.03       2.940
1961.04       2.840
1961.05       2.680
1961.06       2.750
1961.07       2.750
1961.08       2.810
1961.09       2.840
1961.10       2.750
1961.11       2.750
1961.12       2.870
1962.01       3.000
1962.02       3.000
1962.03       3.000
1962.04       3.000
1962.05       2.910
1962.06       2.900
1962.07       3.070
1962.08       3.110
1962.09       3.090
1962.10       3.030
1962.11       3.000
1962.12       3.000
1963.01       3.070
1963.02       3.130
1963.03       3.130
1963.04       3.130
1963.05       3.130
1963.06       3.240
1963.07       3.410
1963.08       3.590
1963.09       3.630
1963.10       3.630
1963.11       3.710
1963.12       3.630
1964.01       3.700
1964.02       3.750
1964.03       3.750
1964.04       3.800
1964.05       3.750
1964.06       3.750
1964.07       3.750
1964.08       3.750
1964.09       3.750
1964.10       3.750
1964.11       3.790
1964.12       4.000
1965.01       4.000
1965.02       4.100
1965.03       4.150
1965.04       4.190
1965.05       4.250
1965.06       4.250
1965.07       4.220
1965.08       4.140
1965.09       4.250
1965.10       4.250
1965.11       4.250
1965.12       4.550
1966.01       4.750
1966.02       4.860
1966.03       4.960
1966.04       5.000
1966.05       5.180
1966.06       5.390
1966.07       5.580
1966.08       5.670
1966.09       5.750
1966.10       5.720
1966.11       5.670
1966.12       5.600
1967.01       5.230
1967.02       4.880
1967.03       4.680
1967.04       4.290
1967.05       4.270
1967.06       4.400
1967.07       4.580
1967.08       4.770
1967.09       4.760
1967.10       4.880
1967.11       4.980
1967.12       5.430
1968.01       5.400
1968.02       5.230
1968.03       5.500
1968.04       5.750
1968.05       6.040
1968.06       5.960
1968.07       5.850
1968.08       5.660
1968.09       5.630
1968.10       5.790
1968.11       5.970
1968.12       6.200
1969.01       6.460
1969.02       6.470
1969.03       6.660
1969.04       6.860
1969.05       7.380
1969.06       7.990
1969.07       8.390
1969.08       8.040
1969.09       8.140
1969.10       8.170
1969.11       8.180
1969.12       8.580
1970.01       8.640
1970.02       8.300
1970.03       7.600
1970.04       7.540
1970.05       8.020
1970.06       7.780
1970.07       7.610
1970.08       7.200
1970.09       7.030
1970.10       6.540
1970.11       5.790
1970.12       5.620
1971.01       4.770
1971.02       4.090
1971.03       3.800
1971.04       4.360
1971.05       4.910
1971.06       5.330
1971.07       5.600
1971.08       5.570
1971.09       5.490
1971.10       5.050
1971.11       4.780
1971.12       4.450
1972.01       3.920
1972.02       3.520
1972.03       3.950
1972.04       4.430
1972.05       4.250
1972.06       4.470
1972.07       4.730
1972.08       4.670
1972.09       4.840
1972.10       5.050
1972.11       5.010
1972.12       5.160
1973.01       5.600
1973.02       6.140
1973.03       6.820
1973.04       6.970
1973.05       7.150
1973.06       7.980
1973.07       9.190
1973.08      10.180
1973.09      10.190
1973.10       9.070
1973.11       8.730
1973.12       8.940
1974.01       8.720
1974.02       7.830
1974.03       8.430
1974.04       9.610
1974.05      10.680
1974.06      10.790
1974.07      11.880
1974.08      12.080
1974.09      11.060
1974.10       9.340
1974.11       9.030
1974.12       9.190
1975.01       7.540
1975.02       6.350
1975.03       6.220
1975.04       6.150
1975.05       5.760
1975.06       5.700
1975.07       6.400
1975.08       6.740
1975.09       6.830
1975.10       6.280
1975.11       5.790
1975.12       5.720
1976.01       5.080
1976.02       4.990
1976.03       5.180
1976.04       5.030
1976.05       5.530
1976.06       5.770
1976.07       5.500
1976.08       5.320
1976.09       5.280
1976.10       5.060
1976.11       4.900
1976.12       4.620
1977.01       4.810
1977.02       4.830
1977.03       4.800
1977.04       4.780
1977.05       5.340
1977.06       5.390
1977.07       5.430
1977.08       5.880
1977.09       6.160
1977.10       6.570
1977.11       6.580
1977.12       6.600
1978.01       6.860
1978.02       6.820
1978.03       6.790
1978.04       6.920
1978.05       7.320
1978.06       7.750
1978.07       8.020
1978.08       7.980
1978.09       8.540
1978.10       9.320
1978.11      10.530
1978.12      10.550
1979.01      10.290
1979.02      10.010
1979.03       9.940
1979.04       9.900
1979.05       9.980
1979.06       9.790
1979.07       9.990
1979.08      10.620
1979.09      11.700
1979.10      13.440
1979.11      13.530
1979.12      13.310
1980.01      13.150
1980.02      14.010
1980.03      17.100
1980.04      15.630
1980.05       9.600
1980.06       8.310
1980.07       8.580
1980.08       9.850
1980.09      11.130
1980.10      12.690
1980.11      15.340
1980.12      17.960
1981.01      16.680
1981.02      15.610
1981.03      13.940
1981.04      14.720
1981.05      17.620
1981.06      16.320
1981.07      17.150
1981.08      17.280
1981.09      16.160
1981.10      14.830
1981.11      12.040
1981.12      12.170
1982.01      13.100
1982.02      14.510
1982.03      13.780
1982.04      14.010
1982.05      13.330
1982.06      14.040
1982.07      12.950
1982.08      10.390
1982.09      10.450
1982.10       9.290
1982.11       8.800
1982.12       8.580
1983.01       8.220
1983.02       8.390
1983.03       8.570
1983.04       8.520
1983.05       8.390
1983.06       9.090
1983.07       9.390
1983.08       9.640
1983.09       9.270
1983.10       9.060
1983.11       9.200
1983.12       9.560
1984.01       9.270
1984.02       9.420
1984.03       9.920
1984.04      10.260
1984.05      10.880
1984.06      11.080
1984.07      11.340
1984.08      11.260
1984.09      11.070
1984.10      10.150
1984.11       9.020
1984.12       8.450
1985.01       8.020
1985.02       8.560
1985.03       8.890
1985.04       8.340
1985.05       7.790
1985.06       7.340
1985.07       7.550
1985.08       7.700
1985.09       7.830
1985.10       7.780
1985.11       7.710
1985.12       7.680
1986.01       7.650
1986.02       7.560
1986.03       7.100
1986.04       6.500
1986.05       6.560
1986.06       6.620
1986.07       6.240
1986.08       5.810
1986.09       5.620
1986.10       5.590
1986.11       5.690
1986.12       5.980
1987.01       5.760
1987.02       6.010
1987.03       6.100
1987.04       6.430
1987.05       6.920
1987.06       6.830
1987.07       6.590
1987.08       6.640
1987.09       7.310
1987.10       7.850
1987.11       7.070
1987.12       7.480
1988.01       6.770
1988.02       6.490
1988.03       6.510
1988.04       6.790
1988.05       7.120
1988.06       7.380
1988.07       7.770
1988.08       8.190
1988.09       8.070
1988.10       8.150
1988.11       8.550
1988.12       8.960
1989.01       8.930
1989.02       9.270
1989.03       9.830
1989.04       9.680
1989.05       9.360
1989.06       8.970
1989.07       8.540
1989.08       8.470
1989.09       8.590
1989.10       8.420
1989.11       8.210
1989.12       8.150
1990.01       7.970
1990.02       8.030
1990.03       8.150
1990.04       8.210
1990.05       8.120
1990.06       8.000
1990.07       7.860
1990.08       7.750
1990.09       7.830
1990.10       7.850
1990.11       7.820
1990.12       7.600
1991.01       6.960
1991.02       6.360
1991.03       6.240
1991.04       5.920
1991.05       5.750
1991.06       5.940
1991.07       5.890
1991.08       5.540
1991.09       5.380
1991.10       5.210
1991.11       4.850
1991.12       4.420
1992.01       3.970
1992.02       4.000
1992.03       4.190
1992.04       3.920
1992.05       3.760
1992.06       3.800
1992.07       3.320
1992.08       3.280
1992.09       3.100
1992.10       3.200
1992.11       3.510
1992.12       3.440
1993.01       3.140
1993.02       3.060
1993.03       3.070
1993.04       3.050
1993.05       3.060
1993.06       3.160
1993.07       3.120
1993.08       3.100
1993.09       3.080
1993.10       3.190
1993.11       3.300
1993.12       3.230
1994.01       3.100
1994.02       3.410
1994.03       3.730
1994.04       3.960
1994.05       4.450
1994.06       4.450
1994.07       4.650
1994.08       4.740
1994.09       4.950
1994.10       5.420
1994.11       5.710
1994.12       6.180
1995.01       6.120
1995.02       6.050
1995.03       6.040
1995.04       6.000
1995.05       5.920
1995.06       5.800
