1948.01    102.603
1948.02    102.698
1948.03    102.771
1948.04    102.831
1948.05    102.923
1948.06    102.992
1948.07    103.216
1948.08    103.240
1948.09    103.291
1948.10    103.361
1948.11    103.424
1948.12    103.468
1949.01    103.529
1949.02    103.559
1949.03    103.665
1949.04    103.739
1949.05    103.845
1949.06    103.930
1949.07    104.042
1949.08    104.121
1949.09    104.219
1949.10    104.338
1949.11    104.421
1949.12    104.524
1950.01    104.619
1950.02    104.737
1950.03    104.844
1950.04    104.943
1950.05    105.014
1950.06    105.104
1950.07    105.194
1950.08    105.282
1950.09    105.269
1950.10    105.096
1950.11    104.979
1950.12    104.872
1951.01    104.844
1951.02    104.604
1951.03    104.629
1951.04    104.541
1951.05    104.491
1951.06    104.488
1951.07    104.504
1951.08    104.536
1951.09    104.588
1951.10    104.690
1951.11    104.740
1951.12    104.810
1952.01    104.862
1952.02    104.868
1952.03    104.860
1952.04    104.906
1952.05    104.996
1952.06    105.118
1952.07    105.246
1952.08    105.346
1952.09    105.436
1952.10    105.591
1952.11    105.706
1952.12    105.812
1953.01    106.594
1953.02    106.678
1953.03    106.744
1953.04    106.826
1953.05    106.910
1953.06    106.978
1953.07    107.034
1953.08    107.132
1953.09    107.253
1953.10    107.383
1953.11    107.504
1953.12    107.623
1954.01    107.763
1954.02    107.880
1954.03    107.987
1954.04    108.080
1954.05    108.184
1954.06    108.267
1954.07    108.344
1954.08    108.440
1954.09    108.546
1954.10    108.668
1954.11    108.798
1954.12    108.892
1955.01    109.059
1955.02    109.078
1955.03    109.254
1955.04    109.377
1955.05    109.544
1955.06    109.680
1955.07    109.792
1955.08    109.882
1955.09    109.977
1955.10    110.085
1955.11    110.177
1955.12    110.296
1956.01    110.390
1956.02    110.478
1956.03    110.582
1956.04    110.650
1956.05    110.810
1956.06    110.903
1956.07    111.019
1956.08    111.099
1956.09    111.222
1956.10    111.335
1956.11    111.432
1956.12    111.526
1957.01    111.626
1957.02    111.711
1957.03    111.824
1957.04    111.933
1957.05    112.031
1957.06    112.172
1957.07    112.317
1957.08    112.421
1957.09    112.554
1957.10    112.710
1957.11    112.874
1957.12    113.013
1958.01    113.138
1958.02    113.234
1958.03    113.337
1958.04    113.415
1958.05    113.534
1958.06    113.647
1958.07    113.727
1958.08    113.835
1958.09    113.977
1958.10    114.138
1958.11    114.283
1958.12    114.429
1959.01    114.582
1959.02    114.712
1959.03    114.849
1959.04    114.986
1959.05    115.144
1959.06    115.287
1959.07    115.429
1959.08    115.555
1959.09    115.668
1959.10    115.798
1959.11    115.916
1959.12    116.040
1960.01    116.594
1960.02    116.702
1960.03    116.827
1960.04    116.910
1960.05    117.033
1960.06    117.167
1960.07    117.281
1960.08    117.431
1960.09    117.521
1960.10    117.643
1960.11    117.829
1960.12    118.001
1961.01    118.155
1961.02    118.250
1961.03    118.358
1961.04    118.503
1961.05    118.638
1961.06    118.767
1961.07    118.889
1961.08    119.006
1961.09    119.107
1961.10    119.202
1961.11    119.153
1961.12    119.214
1962.01    119.300
1962.02    119.360
1962.03    119.476
1962.04    119.702
1962.05    119.813
1962.06    119.943
1962.07    120.128
1962.08    120.323
1962.09    120.653
1962.10    120.856
1962.11    121.045
1962.12    121.236
1963.01    121.463
1963.02    121.633
1963.03    121.824
1963.04    121.986
1963.05    122.162
1963.06    122.352
1963.07    122.521
1963.08    122.667
1963.09    122.821
1963.10    123.014
1963.11    123.192
1963.12    123.360
1964.01    123.560
1964.02    123.707
1964.03    123.857
1964.04    124.019
1964.05    124.204
1964.06    124.386
1964.07    124.567
1964.08    124.731
1964.09    124.920
1964.10    125.108
1964.11    125.291
1964.12    125.468
1965.01    125.647
1965.02    125.810
1965.03    125.985
1965.04    126.155
1965.05    126.320
1965.06    126.499
1965.07    126.573
1965.08    126.756
1965.09    126.906
1965.10    127.043
1965.11    127.171
1965.12    127.294
1966.01    127.394
1966.02    127.514
1966.03    127.626
1966.04    127.744
1966.05    127.879
1966.06    127.983
1966.07    128.102
1966.08    128.240
1966.09    128.359
1966.10    128.494
1966.11    128.627
1966.12    128.730
1967.01    128.909
1967.02    129.032
1967.03    129.190
1967.04    129.344
1967.05    129.515
1967.06    129.722
1967.07    129.918
1967.08    130.187
1967.09    130.392
1967.10    130.582
1967.11    130.754
1967.12    130.936
1968.01    131.112
1968.02    131.277
1968.03    131.412
1968.04    131.553
1968.05    131.712
1968.06    131.872
1968.07    132.053
1968.08    132.251
1968.09    132.446
1968.10    132.617
1968.11    132.903
1968.12    133.120
1969.01    133.324
1969.02    133.465
1969.03    133.639
1969.04    133.821
1969.05    134.027
1969.06    134.213
1969.07    134.414
1969.08    134.597
1969.09    134.774
1969.10    135.012
1969.11    135.239
1969.12    135.489
1970.01    135.713
1970.02    135.957
1970.03    136.179
1970.04    136.416
1970.05    136.686
1970.06    136.928
1970.07    137.196
1970.08    137.455
1970.09    137.717
1970.10    137.988
1970.11    138.264
1970.12    138.529
1971.01    138.795
1971.02    139.021
1971.03    139.285
1971.04    139.566
1971.05    139.826
1971.06    140.090
1971.07    140.343
1971.08    140.596
1971.09    140.869
1971.10    141.146
1971.11    141.393
1971.12    141.666
1972.01    142.736
1972.02    143.017
1972.03    143.263
1972.04    143.483
1972.05    143.760
1972.06    144.033
1972.07    144.285
1972.08    144.522
1972.09    144.761
1972.10    144.988
1972.11    145.211
1972.12    145.446
1973.01    145.720
1973.02    145.943
1973.03    146.230
1973.04    146.459
1973.05    146.719
1973.06    146.981
1973.07    147.233
1973.08    147.471
1973.09    147.731
1973.10    147.980
1973.11    148.219
1973.12    148.479
1974.01    148.753
1974.02    148.982
1974.03    149.225
1974.04    149.478
1974.05    149.750
1974.06    150.012
1974.07    150.248
1974.08    150.493
1974.09    150.753
1974.10    151.009
1974.11    151.256
1974.12    151.494
1975.01    151.755
1975.02    151.990
1975.03    152.217
1975.04    152.443
1975.05    152.704
1975.06    152.976
1975.07    153.309
1975.08    153.580
1975.09    153.848
1975.10    154.082
1975.11    154.338
1975.12    154.589
1976.01    154.853
1976.02    155.066
1976.03    155.306
1976.04    155.529
1976.05    155.765
1976.06    156.027
1976.07    156.276
1976.08    156.525
1976.09    156.779
1976.10    156.993
1976.11    157.235
1976.12    157.438
1977.01    157.688
1977.02    157.913
1977.03    158.131
1977.04    158.371
1977.05    158.657
1977.06    158.929
1977.07    159.185
1977.08    159.430
1977.09    159.674
1977.10    159.915
1977.11    160.129
1977.12    160.377
1978.01    160.617
1978.02    160.831
1978.03    161.038
1978.04    161.263
1978.05    161.518
1978.06    161.795
1978.07    162.034
1978.08    162.259
1978.09    162.502
1978.10    162.783
1978.11    163.017
1978.12    163.272
1979.01    163.516
1979.02    163.726
1979.03    164.027
1979.04    164.162
1979.05    164.459
1979.06    164.721
1979.07    164.970
1979.08    165.198
1979.09    165.431
1979.10    165.813
1979.11    166.051
1979.12    166.300
1980.01    166.544
1980.02    166.759
1980.03    166.984
1980.04    167.197
1980.05    167.407
1980.06    167.643
1980.07    167.932
1980.08    168.103
1980.09    168.297
1980.10    168.503
1980.11    168.695
1980.12    168.883
1981.01    169.104
1981.02    169.280
1981.03    169.453
1981.04    169.641
1981.05    169.829
1981.06    170.042
1981.07    170.246
1981.08    170.399
1981.09    170.593
1981.10    170.809
1981.11    170.996
1981.12    171.166
1982.01    171.335
1982.02    171.489
1982.03    171.667
1982.04    171.844
1982.05    172.026
1982.06    172.190
1982.07    172.364
1982.08    172.511
1982.09    172.690
1982.10    172.881
1982.11    173.058
1982.12    173.199
1983.01    173.354
1983.02    173.505
1983.03    173.656
1983.04    173.794
1983.05    173.953
1983.06    174.125
1983.07    174.306
1983.08    174.440
1983.09    174.602
1983.10    174.779
1983.11    174.951
1983.12    175.121
1984.01    175.533
1984.02    175.679
1984.03    175.824
1984.04    175.969
1984.05    176.123
1984.06    176.284
1984.07    176.440
1984.08    176.583
1984.09    176.763
1984.10    176.956
1984.11    177.135
1984.12    177.306
1985.01    177.384
1985.02    177.516
1985.03    177.667
1985.04    177.799
1985.05    177.944
1985.06    178.096
1985.07    178.263
1985.08    178.405
1985.09    178.572
1985.10    178.770
1985.11    178.940
1985.12    179.112
1986.01    179.670
1986.02    179.821
1986.03    179.985
1986.04    180.148
1986.05    180.311
1986.06    180.503
1986.07    180.682
1986.08    180.828
1986.09    180.997
1986.10    181.186
1986.11    181.363
1986.12    181.547
1987.01    181.827
1987.02    181.998
1987.03    182.179
1987.04    182.344
1987.05    182.533
1987.06    182.703
1987.07    182.885
1987.08    183.002
1987.09    183.161
1987.10    183.311
1987.11    183.470
1987.12    183.620
1988.01    183.822
1988.02    183.969
1988.03    184.111
1988.04    184.232
1988.05    184.374
1988.06    184.562
1988.07    184.729
1988.08    184.830
1988.09    184.962
1988.10    185.114
1988.11    185.244
1988.12    185.402
1989.01    185.644
1989.02    185.777
1989.03    185.897
1989.04    186.024
1989.05    186.181
1989.06    186.329
1989.07    186.483
1989.08    186.598
1989.09    186.726
1989.10    186.871
1989.11    187.017
1989.12    187.165
1990.01    187.293
1990.02    187.412
1990.03    187.529
1990.04    187.669
1990.05    187.828
1990.06    187.977
1990.07    188.136
1990.08    188.261
1990.09    188.401
1990.10    188.525
1990.11    188.697
1990.12    188.866
1991.01    188.977
1991.02    189.115
1991.03    189.243
1991.04    189.380
1991.05    189.522
1991.06    189.668
1991.07    189.839
1991.08    189.973
1991.09    190.122
1991.10    190.289
1991.11    190.452
1991.12    190.605
1992.01    190.759
1992.02    190.884
1992.03    191.022
1992.04    191.168
1992.05    191.307
1992.06    191.455
1992.07    191.622
1992.08    191.790
1992.09    191.947
1992.10    192.131
1992.11    192.316
1992.12    192.509
1993.01    192.644
1993.02    192.786
1993.03    192.959
1993.04    193.126
1993.05    193.283
1993.06    193.456
1993.07    193.633
1993.08    193.793
1993.09    193.971
1993.10    194.151
1993.11    194.321
1993.12    194.472
1994.01    195.953
1994.02    196.090
1994.03    196.213
1994.04    196.363
1994.05    196.510
1994.06    196.693
1994.07    196.859
1994.08    197.043
1994.09    197.248
1994.10    197.430
1994.11    197.607
1994.12    197.765
1995.01    197.753
1995.02    197.886
1995.03    198.007
1995.04    198.148
1995.05    198.286
1995.06    198.453
