1959.01     138.500
1959.02     139.100
1959.03     139.400
1959.04     139.300
1959.05     140.300
1959.06     140.800
1959.07     141.300
1959.08     141.600
1959.09     140.700
1959.10     140.100
1959.11     140.100
1959.12     139.600
1960.01     139.700
1960.02     139.500
1960.03     139.400
1960.04     139.200
1960.05     139.300
1960.06     139.300
1960.07     139.800
1960.08     140.900
1960.09     140.900
1960.10     140.600
1960.11     140.500
1960.12     140.300
1961.01     140.700
1961.02     141.200
1961.03     141.500
1961.04     141.800
1961.05     142.300
1961.06     142.500
1961.07     142.600
1961.08     143.100
1961.09     143.400
1961.10     143.700
1961.11     144.400
1961.12     144.800
1962.01     144.800
1962.02     145.300
1962.03     145.600
1962.04     146.100
1962.05     146.500
1962.06     146.200
1962.07     146.000
1962.08     146.200
1962.09     145.900
1962.10     146.300
1962.11     146.900
1962.12     147.400
1963.01     147.800
1963.02     148.400
1963.03     148.700
1963.04     149.300
1963.05     149.900
1963.06     149.900
1963.07     150.900
1963.08     151.300
1963.09     151.500
1963.10     152.100
1963.11     153.100
1963.12     152.800
1964.01     153.300
1964.02     153.800
1964.03     154.000
1964.04     154.200
1964.05     154.800
1964.06     155.100
1964.07     156.200
1964.08     157.300
1964.09     158.200
1964.10     158.700
1964.11     159.400
1964.12     159.700
1965.01     160.100
1965.02     160.300
1965.03     160.900
1965.04     161.400
1965.05     161.100
1965.06     161.600
1965.07     162.500
1965.08     163.100
1965.09     164.200
1965.10     165.400
1965.11     166.100
1965.12     167.300
1966.01     168.400
1966.02     169.000
1966.03     169.800
1966.04     171.100
1966.05     170.700
1966.06     170.900
1966.07     169.600
1966.08     170.100
1966.09     171.300
1966.10     170.600
1966.11     170.700
1966.12     171.400
1967.01     171.200
1967.02     172.300
1967.03     174.100
1967.04     173.500
1967.05     175.000
1967.06     176.300
1967.07     177.400
1967.08     179.000
1967.09     180.000
1967.10     180.900
1967.11     181.700
1967.12     182.500
1968.01     183.300
1968.02     183.900
1968.03     184.800
1968.04     185.800
1968.05     187.200
1968.06     188.700
1968.07     189.700
1968.08     191.000
1968.09     191.900
1968.10     193.300
1968.11     195.200
1968.12     196.600
1969.01     197.800
1969.02     198.500
1969.03     199.100
1969.04     199.900
1969.05     199.900
1969.06     200.400
1969.07     200.800
1969.08     200.900
1969.09     201.200
1969.10     202.000
1969.11     202.700
1969.12     203.000
1970.01     205.300
1970.02     204.100
1970.03     204.800
1970.04     205.800
1970.05     206.300
1970.06     206.700
1970.07     207.100
1970.08     208.900
1970.09     210.900
1970.10     211.900
1970.11     212.600
1970.12     213.400
1971.01     214.500
1971.02     216.300
1971.03     217.600
1971.04     218.900
1971.05     220.900
1971.06     222.300
1971.07     223.700
1971.08     224.400
1971.09     225.200
1971.10     226.000
1971.11     226.500
1971.12     227.100
1972.01     228.900
1972.02     231.100
1972.03     233.100
1972.04     234.300
1972.05     234.600
1972.06     235.400
1972.07     237.400
1972.08     239.600
1972.09     241.800
1972.10     243.700
1972.11     245.000
1972.12     247.800
1973.01     250.000
1973.02     250.600
1973.03     250.100
1973.04     251.200
1973.05     253.300
1973.06     255.100
1973.07     255.900
1973.08     256.100
1973.09     256.300
1973.10     257.400
1973.11     259.300
1973.12     261.100
1974.01     262.000
1974.02     263.400
1974.03     264.800
1974.04     265.400
1974.05     265.700
1974.06     266.500
1974.07     267.500
1974.08     268.100
1974.09     269.100
1974.10     270.300
1974.11     271.600
1974.12     272.100
1975.01     271.600
1975.02     272.400
1975.03     274.200
1975.04     273.700
1975.05     276.200
1975.06     279.800
1975.07     280.500
1975.08     281.900
1975.09     282.800
1975.10     282.200
1975.11     284.800
1975.12     284.400
1976.01     285.300
1976.02     287.600
1976.03     288.800
1976.04     290.500
1976.05     292.200
1976.06     291.700
1976.07     292.700
1976.08     294.500
1976.09     294.800
1976.10     297.900
1976.11     298.500
1976.12     301.000
1977.01     303.600
1977.02     305.800
1977.03     307.700
1977.04     310.200
1977.05     310.600
1977.06     311.900
1977.07     314.100
1977.08     315.700
1977.09     317.700
1977.10     320.400
1977.11     322.100
1977.12     324.000
1978.01     327.500
1978.02     327.900
1978.03     329.300
1978.04     332.500
1978.05     335.600
1978.06     337.600
1978.07     339.400
1978.08     341.000
1978.09     344.700
1978.10     345.600
1978.11     345.900
1978.12     346.400
1979.01     345.400
1979.02     345.500
1979.03     346.900
1979.04     351.000
1979.05     350.400
1979.06     354.200
1979.07     357.400
1979.08     359.000
1979.09     361.000
1979.10     361.600
1979.11     361.700
1979.12     362.100
1980.01     365.000
1980.02     368.000
1980.03     367.100
1980.04     360.900
1980.05     360.200
1980.06     364.100
1980.07     367.200
1980.08     373.100
1980.09     377.200
1980.10     380.600
1980.11     381.000
1980.12     376.500
1981.01     363.800
1981.02     357.100
1981.03     355.700
1981.04     356.800
1981.05     353.800
1981.06     352.100
1981.07     352.300
1981.08     352.800
1981.09     351.500
1981.10     351.900
1981.11     352.100
1981.12     353.700
1982.01     357.700
1982.02     354.500
1982.03     353.800
1982.04     354.800
1982.05     354.800
1982.06     354.300
1982.07     354.400
1982.08     356.500
1982.09     359.200
1982.10     363.100
1982.11     365.200
1982.12     366.300
1983.01     367.800
1983.02     368.600
1983.03     371.100
1983.04     372.000
1983.05     374.900
1983.06     376.400
1983.07     379.300
1983.08     380.200
1983.09     381.300
1983.10     383.800
1983.11     384.000
1983.12     384.400
1984.01     387.700
1984.02     388.400
1984.03     389.700
1984.04     391.800
1984.05     391.900
1984.06     394.600
1984.07     394.900
1984.08     394.600
1984.09     396.700
1984.10     395.700
1984.11     397.600
1984.12     399.800
1985.01     401.600
1985.02     405.400
1985.03     406.400
1985.04     407.700
1985.05     410.900
1985.06     415.500
1985.07     418.200
1985.08     421.900
1985.09     426.600
1985.10     427.500
1985.11     429.400
1985.12     434.500
1986.01     433.400
1986.02     435.500
1986.03     441.000
1986.04     444.400
1986.05     449.700
1986.06     453.700
1986.07     457.900
1986.08     461.700
1986.09     464.400
1986.10     466.100
1986.11     471.600
1986.12     482.800
1987.01     481.400
1987.02     479.700
1987.03     479.100
1987.04     484.300
1987.05     485.700
1987.06     481.600
1987.07     480.700
1987.08     481.600
1987.09     481.800
1987.10     488.600
1987.11     486.500
1987.12     483.600
1988.01     487.900
1988.02     486.500
1988.03     487.900
1988.04     491.700
1988.05     491.700
1988.06     495.700
1988.07     496.700
1988.08     497.300
1988.09     497.400
1988.10     497.900
1988.11     498.000
1988.12     499.000
1989.01     498.200
1989.02     497.100
1989.03     497.400
1989.04     495.800
1989.05     495.300
1989.06     494.100
1989.07     497.700
1989.08     496.800
1989.09     496.800
1989.10     499.400
1989.11     498.700
1989.12     501.900
1990.01     502.500
1990.02     504.100
1990.03     505.300
1990.04     507.100
1990.05     505.900
1990.06     509.500
1990.07     511.500
1990.08     516.600
1990.09     520.900
1990.10     520.500
1990.11     521.700
1990.12     524.200
1991.01     524.700
1991.02     528.600
1991.03     531.500
1991.04     531.700
1991.05     534.100
1991.06     539.300
1991.07     539.600
1991.08     541.500
1991.09     541.900
1991.10     546.100
1991.11     551.700
1991.12     556.900
1992.01     564.800
1992.02     574.000
1992.03     580.700
1992.04     585.400
1992.05     589.400
1992.06     590.100
1992.07     596.600
1992.08     603.900
1992.09     612.800
1992.10     621.300
1992.11     626.800
1992.12     631.700
1993.01     635.700
1993.02     638.400
1993.03     642.400
1993.04     650.000
1993.05     662.900
1993.06     669.300
1993.07     674.900
1993.08     682.700
1993.09     689.800
1993.10     695.300
1993.11     701.900
1993.12     706.000
1994.01     712.300
1994.02     717.500
1994.03     720.600
1994.04     722.600
1994.05     722.900
1994.06     726.300
1994.07     730.800
1994.08     731.700
1994.09     733.700
1994.10     734.400
1994.11     735.300
1994.12     736.500
1995.01     741.100
1995.02     742.800
1995.03     745.700
1995.04     746.900
1995.05     748.700
1995.06     754.200
