040678       6.990
040778       7.000
040878       7.000
040978       7.000
041078       6.980
041178       6.970
041278       6.960
041378       6.950
041478       6.950
041578       6.950
041678       6.950
041778       6.960
041878       6.930
041978       6.910
042078       7.120
042178       7.150
042278       7.150
042378       7.150
042478       7.170
042578       7.130
042678       7.120
042778       7.150
042878       7.240
042978       7.240
043078       7.240
050178       7.270
050278       7.270
050378       7.260
050478       7.250
050578       7.250
050678       7.250
050778       7.250
050878       7.320
050978       7.280
051078       7.320
051178       7.360
051278       7.520
051378       7.520
051478       7.520
051578       7.440
051678       7.400
051778       7.410
051878       7.380
051978       7.470
052078       7.470
052178       7.470
052278       7.530
052378       7.530
052478       7.520
052578       7.530
052678       7.520
052778       7.520
052878       7.520
052978       7.520
053078       7.520
053178       7.530
060178       7.530
060278       7.520
060378       7.520
060478       7.520
060578       7.590
060678       7.550
060778       7.550
060878       7.580
060978       7.710
061078       7.710
061178       7.710
061278       7.720
061378       7.740
061478       7.810
061578       7.820
061678       7.940
061778       7.940
061878       7.940
061978       8.010
062078       8.000
062178       7.990
062278       8.030
062378       8.040
062478       8.040
062578       8.040
062678       8.030
062778       8.050
062878       8.020
062978       8.020
063078       8.040
070178       8.040
070278       8.040
070378       8.130
070478       8.130
070578       8.100
070678       8.090
070778       8.110
070878       8.110
070978       8.110
071078       8.110
071178       8.120
071278       8.110
071378       8.120
071478       8.160
071578       8.160
071678       8.160
071778       8.200
071878       8.170
071978       8.160
072078       8.170
072178       8.200
072278       8.200
072378       8.200
072478       8.180
072578       8.130
072678       8.080
072778       8.050
072878       7.980
072978       7.980
073078       7.980
073178       7.980
080178       7.970
080278       7.960
080378       8.000
080478       7.890
080578       7.890
080678       7.890
080778       7.910
080878       7.920
080978       7.890
081078       7.910
081178       7.900
081278       7.900
081378       7.900
081478       7.900
081578       7.910
081678       7.940
081778       8.060
081878       8.130
081978       8.130
082078       8.130
082178       8.250
082278       8.190
082378       8.160
082478       8.160
082578       8.160
082678       8.160
082778       8.160
082878       8.140
082978       8.270
083078       8.310
083178       8.370
090178       8.330
090278       8.330
090378       8.330
090478       8.330
090578       8.390
090678       8.400
090778       8.400
090878       8.390
090978       8.390
091078       8.390
091178       8.510
091278       8.510
091378       8.520
091478       8.550
091578       8.610
091678       8.610
091778       8.610
091878       8.660
091978       8.660
092078       8.720
092178       8.760
092278       8.770
092378       8.770
092478       8.770
092578       8.860
092678       8.910
092778       8.950
092878       8.930
092978       8.900
093078       8.900
100178       8.900
100278       9.010
100378       9.010
100478       9.010
100578       9.070
100678       9.160
101078       9.170
101178       9.170
101278       9.200
101378       9.150
101678       9.320
101778       9.360
101878       9.460
101978       9.540
102078       9.600
102378       9.720
102478       9.720
102578       9.710
102678       9.730
102778       9.910
103078      10.020
103178      10.380
110178      10.850
110278      10.780
110378      10.750
110678      10.790
110878      10.780
110978      10.820
111078      10.900
111378      10.800
111478      10.790
111578      10.760
111678      10.590
111778      10.650
112078      10.480
112178      10.540
112278      10.600
112478      10.600
112778      10.710
112878      10.770
112978      10.730
113078      10.660
120178      10.680
120478      10.550
120578      10.580
120678      10.620
120778      10.610
120878      10.520
121178      10.560
121278      10.530
121378      10.440
121478      10.500
121578      10.510
121878      10.890
121978      10.900
122078      10.970
122178      11.040
122278      10.950
122678      10.910
122778      10.940
122878      10.920
122978      10.830
010279      10.960
010379      10.990
010479      10.820
010579      10.700
010879      10.710
010979      10.670
011079      10.680
011179      10.570
011279      10.380
011579      10.520
011679      10.590
011779      10.610
011879      10.560
011979      10.450
012279      10.410
012379      10.400
012479      10.330
012579      10.250
012679      10.220
012979      10.190
013079      10.180
013179      10.130
020179      10.170
020279      10.090
020579      10.100
020679      10.140
020779      10.240
020879      10.300
020979      10.150
021379      10.150
021479      10.110
021579      10.180
021679      10.160
022079      10.140
022179      10.150
022279      10.200
022379      10.280
022679      10.340
022779      10.260
022879      10.190
030179      10.130
030279      10.130
030579      10.190
030679      10.150
030779      10.120
030879      10.130
030979      10.130
031279      10.260
031379      10.160
031479      10.160
031579      10.170
031679      10.190
031979      10.220
032079      10.220
032179      10.190
032279      10.150
032379      10.100
032679      10.080
032779      10.100
032879      10.030
032979       9.950
033079       9.930
040279      10.040
040379      10.110
040479      10.060
040579      10.020
040679      10.010
040979      10.120
041079      10.150
041179      10.330
041279      10.310
041679      10.310
041779      10.210
041879      10.100
041979       9.980
042079       9.980
042379       9.950
042479       9.880
042579       9.850
042679       9.760
042779       9.810
043079      10.170
050179      10.110
050279      10.090
050379      10.180
050479      10.220
050779      10.220
050879      10.190
050979      10.190
051079      10.180
051179      10.190
051479      10.170
051579      10.200
051679      10.180
051779      10.170
051879      10.200
052179      10.210
052279      10.210
052379      10.110
052479      10.110
052579      10.080
052979      10.050
053179      10.050
060179      10.090
060479      10.100
060579      10.100
060679      10.110
060779      10.020
060879      10.020
061179      10.010
061279       9.960
061379       9.880
061479       9.880
061579       9.920
061879       9.910
061979       9.870
062079       9.880
062179       9.870
062279       9.880
062579       9.940
062679       9.910
062779       9.850
062879       9.820
062979       9.840
070279       9.840
070379       9.840
070579       9.850
070679       9.900
070979       9.930
071079      10.040
071179      10.050
071279      10.060
071379      10.100
071679      10.100
071779      10.110
071879      10.110
071979      10.110
072079      10.320
072379      10.330
072479      10.340
072579      10.300
072679      10.250
072779      10.210
073079      10.280
073179      10.270
080179      10.200
080279      10.200
080379      10.230
080679      10.250
080779      10.270
080879      10.320
080979      10.390
081079      10.480
081379      10.610
081479      10.640
081579      10.640
081679      10.700
081779      10.800
082079      10.830
082179      10.860
082279      10.870
082379      10.890
082479      11.030
082779      11.170
082879      11.170
082979      11.270
083079      11.290
083179      11.320
090479      11.360
090579      11.570
090679      11.600
090779      11.790
091079      12.020
091179      12.010
091279      11.910
091379      11.990
091479      12.010
091779      12.050
091879      12.090
091979      12.050
092079      12.050
092179      12.010
092479      11.960
092579      11.760
092679      11.760
092779      11.870
092879      11.990
100179      12.010
100279      12.030
100379      12.170
100479      12.260
100579      12.500
100979      13.270
101079      13.710
101179      13.430
101279      13.680
101579      13.640
101679      13.590
101779      13.600
101879      13.560
101979      14.170
102279      14.830
102379      14.890
102479      14.770
102579      14.710
102679      14.370
102979      14.410
103079      14.450
103179      14.420
110179      14.470
110279      14.480
110579      14.560
110779      14.600
110879      14.630
110979      14.310
111379      13.960
111479      14.230
111579      14.130
111679      14.040
111979      14.110
112079      13.950
112179      14.070
112379      13.670
112679      13.060
112779      13.020
112879      12.800
112979      12.780
113079      13.150
120379      13.180
120479      13.200
120579      13.000
120679      13.020
120779      13.070
121079      13.230
121179      13.380
121279      13.580
121379      14.100
121479      13.860
121779      13.830
121879      13.720
121979      13.580
122079      13.350
122179      13.320
122479      13.360
122679      13.390
122779      13.500
122879      13.470
123179      13.370
010280      13.330
010380      13.590
010480      13.520
010780      13.480
010880      13.390
010980      13.360
011080      13.380
011180      13.300
011480      13.400
011580      13.380
011680      13.300
011780      13.210
011880      13.340
012180      13.380
012280      13.430
012380      13.430
012480      13.370
012580      13.480
012880      13.410
012980      13.370
013080      13.380
013180      13.290
020180      13.340
020480      13.430
020580      13.460
020680      13.510
020780      13.430
020880      13.300
021180      13.470
021380      13.550
021480      13.490
021580      13.840
021980      14.560
022080      15.010
022180      14.850
022280      15.300
022580      15.330
022680      15.490
022780      15.530
022880      15.410
022980      15.470
030380      16.000
030480      16.430
030580      16.540
030680      17.480
030780      17.900
031080      17.730
031180      17.410
031280      17.500
031380      17.860
031480      18.050
031780      18.590
031880      18.000
031980      17.680
032080      17.160
032180      17.690
032480      17.800
032580      17.910
032680      17.580
032780      17.830
032880      17.890
033180      18.040
040180      18.010
040280      18.060
040380      18.150
040780      18.020
040880      17.940
040980      17.410
041080      17.470
041180      17.410
041480      17.250
041580      17.030
041680      16.480
041780      16.000
041880      16.330
042180      15.620
042280      15.500
042380      14.360
042480      14.190
042580      14.300
042880      13.560
042980      13.100
043080      12.810
050180      12.540
050280      12.450
050580      10.720
050680      10.810
050780       9.980
050880       9.890
050980       9.900
051280       9.830
051380       9.770
051480       9.660
051580       9.460
051680       9.770
051980      10.340
052080       9.830
052180       9.200
052280       9.130
052380       8.650
052780       8.260
052880       8.370
052980       8.460
053080       8.620
060280       9.140
060380       9.280
060480       8.900
060580       8.640
060680       8.620
060980       8.570
061080       8.370
061180       8.490
061280       8.360
061380       7.900
061680       8.260
061780       8.150
061880       8.180
061980       8.220
062080       8.420
062380       8.410
062480       8.450
062580       8.310
062680       8.370
062780       8.520
063080       8.750
070180       8.650
070280       8.670
070380       8.730
070780       8.590
070880       8.640
070980       8.650
071080       8.610
071180       8.680
071480       8.760
071580       8.800
071680       8.740
071780       8.580
071880       8.630
072180       8.590
072280       8.370
072380       8.560
072480       8.440
072580       8.520
072880       8.570
072980       8.800
073080       8.730
073180       8.900
080180       9.670
080480       9.600
080580       9.310
080680       9.180
080780       9.160
080880       9.190
081180       9.430
081280       9.510
081380       9.350
081480       9.440
081580       9.550
081880       9.900
081980      10.030
082080      10.160
082180      10.090
082280      10.450
082580      10.590
082680      10.590
082780      10.740
082880      10.790
082980      11.280
090280      10.990
090380      10.670
090480      10.530
090580      10.690
090880      10.850
090980      10.910
091080      10.810
091180      10.850
091280      11.090
091580      11.590
091680      11.510
091780      11.210
091880      11.250
091980      11.130
092280      11.260
092380      11.310
092480      11.240
092580      11.430
092680      12.010
092980      12.990
093080      12.690
100180      12.650
100280      12.770
100380      12.930
100680      12.230
100780      12.230
100880      12.440
100980      12.460
101080      12.460
101480      12.530
101580      12.500
101680      12.440
101780      12.590
102080      12.790
102180      12.730
102280      12.840
102380      13.020
102480      13.100
102780      13.380
102880      14.010
102980      14.050
103080      14.180
103180      14.280
110380      14.470
110580      14.770
110680      15.310
110780      15.350
111080      15.150
111280      14.850
111380      14.820
111480      14.990
111780      15.640
111880      15.700
111980      15.700
112080      15.760
112180      16.150
112480      16.930
112580      16.880
112680      16.960
112880      17.090
120180      17.330
120280      17.460
120380      17.460
120480      17.500
120580      18.140
120880      18.810
120980      19.400
121080      19.810
121180      20.900
121280      20.730
121580      19.870
121680      20.620
121780      20.760
121880      20.480
121980      19.440
122280      17.880
122380      17.290
122480      17.560
122680      17.670
122980      17.410
123080      16.830
123180      16.910
010281      16.790
010581      16.650
010681      15.750
010781      16.160
010881      17.040
010981      17.150
011281      16.670
011381      17.660
011481      17.450
011581      17.500
011681      17.800
011981      18.020
012081      17.890
012181      17.480
012281      17.930
012381      17.800
012681      17.430
012781      17.210
012881      16.990
012981      16.800
013081      16.720
020281      16.230
020381      16.500
020481      16.510
020581      16.220
020681      16.460
020981      16.450
021081      16.630
021181      16.730
021381      17.010
021781      16.990
021881      16.460
021981      16.330
022081      15.470
022381      15.110
022481      15.410
022581      15.300
022681      15.350
022781      15.370
030281      15.700
030381      15.860
030481      15.670
030581      15.780
030681      15.710
030981      15.330
031081      15.170
031181      15.000
031281      14.780
031381      14.310
031681      14.000
031781      14.010
031881      13.390
031981      12.990
032081      13.250
032381      13.580
032481      13.670
032581      13.840
032681      13.880
032781      14.120
033081      13.920
033181      13.540
040181      13.310
040281      13.520
040381      13.980
040681      14.730
040781      15.000
040881      14.340
040981      15.120
041081      15.040
041381      15.770
041481      15.280
041581      14.980
041681      15.500
042081      15.780
042181      15.450
042281      15.290
042381      15.050
042481      15.300
042781      15.410
042881      15.780
042981      15.850
043081      15.960
050181      16.740
050481      17.550
050581      18.650
050681      18.290
050781      18.560
050881      18.730
051181      18.540
051281      18.800
051381      18.870
051481      19.010
051581      18.770
051881      18.290
051981      18.260
052081      18.450
052181      18.770
052281      18.800
052681      17.800
052781      17.750
052881      17.530
052981      17.180
060181      16.770
060281      17.370
060381      17.380
060481      17.540
060581      17.800
060881      16.870
060981      16.940
061081      16.510
061181      16.680
061281      16.610
061581      16.120
061681      16.120
061781      16.210
061881      16.860
061981      17.710
062281      17.180
062381      16.620
062481      16.780
062581      17.090
062681      17.160
062981      16.750
063081      16.700
070181      17.280
070281      17.680
070681      17.440
070781      17.340
070881      17.620
070981      18.030
071081      17.960
071381      17.510
071481      17.500
071581      17.210
071681      17.660
071781      17.490
072081      17.790
072181      18.200
072281      18.360
072381      18.380
072481      18.170
072781      17.630
072881      18.010
072981      17.880
073081      17.880
073181      17.680
080381      17.810
080481      18.260
080581      18.060
080681      17.990
080781      18.090
081081      17.890
081181      17.820
081281      17.750
081381      17.920
081481      18.020
081781      17.960
081881      18.080
081981      18.060
082081      18.040
082181      18.000
082481      18.030
082581      18.310
082681      17.990
082781      18.020
082881      17.750
083181      17.360
090181      17.880
090281      17.860
090381      17.770
090481      17.820
090881      17.750
090981      17.760
091081      17.490
091181      17.430
091481      16.980
091581      16.470
091681      16.550
091781      16.470
091881      16.400
092181      16.230
092281      15.900
092381      15.860
092481      16.020
092581      16.040
092881      16.300
092981      16.110
093081      16.460
100181      16.710
100281      16.800
100581      15.960
100681      15.570
100781      15.180
100881      15.470
100981      15.340
101381      14.870
101481      15.150
101581      15.010
101681      15.070
101981      15.240
102081      15.150
102181      15.310
102281      15.380
102381      15.340
102681      15.300
102781      15.330
102881      15.160
102981      15.000
103081      14.890
110281      14.560
110481      14.240
110581      14.020
110681      13.680
110981      12.970
111081      13.050
111281      12.580
111381      12.490
111681      12.150
111781      12.210
111881      12.030
111981      11.760
112081      11.680
112381      11.680
112481      11.710
112581      11.360
112781      11.270
113081      11.230
120181      11.770
120281      11.780
120381      12.000
120481      11.330
120781      11.430
120881      11.770
120981      11.800
121081      12.170
121181      12.620
121481      13.050
121581      12.490
121681      12.390
121781      12.610
121881      12.850
122181      12.960
122281      13.110
122381      13.340
122481      13.210
122881      13.060
122981      13.070
123081      13.100
123181      12.900
010482      12.830
010582      13.300
010682      12.720
010782      12.980
010882      12.740
011182      13.020
011282      13.260
011382      13.130
011482      13.400
011582      13.310
011882      13.600
011982      13.460
012082      13.710
012182      13.670
012282      13.860
012582      14.790
012682      14.580
012782      14.010
012882      14.000
012982      13.830
020182      14.970
020282      15.030
020382      15.160
020482      15.170
020582      15.240
020882      15.170
020982      15.470
021082      15.530
021182      15.440
021682      16.140
021782      15.930
021882      15.610
021982      14.950
022282      14.200
022382      13.990
022482      14.080
022582      13.830
022682      14.060
030182      14.060
030282      14.070
030382      14.170
030482      13.820
030582      13.830
030882      13.400
030982      13.800
031082      14.000
031182      14.070
031282      14.310
031582      14.430
031682      14.510
031782      14.240
031882      14.300
031982      14.500
032282      14.270
032382      14.100
032482      13.980
032582      14.310
032682      14.320
032982      14.640
033082      14.690
033182      14.920
040182      14.540
040282      14.730
040582      14.510
040682      14.450
040782      14.510
040882      14.750
041282      14.480
041382      14.470
041482      14.600
041582      14.720
041682      14.710
041982      14.670
042082      14.440
042182      14.120
042282      14.280
042382      14.170
042682      14.150
042782      14.150
042882      14.240
042982      14.370
043082      14.150
050382      14.200
050482      14.480
050582      14.330
050682      14.030
050782      13.750
051082      13.740
051182      13.860
051282      13.740
051382      13.870
051482      13.900
051782      13.750
051882      14.000
051982      14.060
052082      13.750
052182      13.250
052482      13.520
052582      13.560
052682      13.350
052782      13.360
052882      13.410
060182      13.490
060282      13.820
060382      13.730
060482      13.820
060782      13.870
060882      13.820
060982      13.830
061082      13.840
061182      13.800
061482      14.160
061582      14.390
061682      14.330
061782      14.850
061882      15.050
062182      15.110
062282      14.960
062382      15.040
062482      15.120
062582      15.420
062882      15.580
062982      15.340
063082      14.800
070182      15.160
070282      15.160
070682      15.010
070782      15.200
070882      14.930
070982      14.060
071282      13.490
071382      14.100
071482      14.090
071582      14.170
071682      13.970
071982      13.280
072082      12.750
072182      12.550
072282      12.460
072382      11.870
072682      11.850
072782      12.060
072882      12.140
072982      12.060
073082      11.920
080282      11.470
080382      11.280
080482      11.410
080582      11.430
080682      11.540
080982      11.890
081082      11.710
081182      11.680
081282      11.650
081382      11.200
081682      10.330
081782      10.160
081882       9.230
081982       9.550
082082       9.590
082382       9.560
082482       9.630
082582       9.620
082682       9.720
082782      10.120
083082      10.270
083182      10.340
090182      10.410
090282      10.410
090382      10.670
090782      10.520
090882      10.520
090982      10.530
091082      10.750
091382      11.050
091482      10.950
091582      10.770
091682      10.980
091782      10.960
092082      10.960
092182      10.800
092282      10.490
092382      10.710
092482      10.670
092782      10.600
092882      10.420
092982      10.270
093082      10.440
100182      10.400
100482      10.740
100582      10.720
100682      10.600
100782      10.270
100882       9.980
101282       8.800
101382       9.290
101482       9.220
101582       9.310
101882       9.220
101982       9.050
102082       9.000
102182       8.920
102282       8.930
102582       9.230
102682       9.210
102782       9.070
102882       9.130
102982       9.050
110182       9.050
110382       8.900
110482       8.960
110582       8.930
110882       8.980
110982       8.970
111082       8.970
111282       9.110
111582       9.260
111682       9.380
111782       9.130
111882       9.160
111982       9.030
112282       8.760
112382       8.740
112482       8.640
112682       8.600
112982       8.660
113082       8.870
120182       8.880
120282       8.860
120382       8.670
120682       8.680
120782       8.640
120882       8.610
120982       8.660
121082       8.760
121382       8.900
121482       8.580
121582       8.650
121682       8.670
121782       8.720
122082       8.760
122182       8.620
122282       8.420
122382       8.540
122782       8.490
122882       8.530
122982       8.560
123082       9.630
123182       8.640
010383       8.530
010483       8.610
010583       8.570
010683       8.440
010783       8.410
011083       8.300
011183       8.120
011283       8.210
011383       8.140
011483       8.130
011783       8.150
011883       8.140
011983       8.190
012083       8.220
012183       8.210
012483       8.500
012583       8.510
012683       8.470
012783       8.510
012883       8.570
013183       8.560
020183       8.680
020283       8.760
020383       8.640
020483       8.750
020783       8.700
020883       8.630
020983       8.680
021083       8.650
021183       8.480
021483       8.600
021583       8.560
021683       8.570
021783       8.510
021883       8.440
022283       8.390
022383       8.370
022483       8.380
022583       8.230
022883       8.230
030183       8.240
030283       8.240
030383       8.230
030483       8.250
030783       8.410
030883       8.550
030983       8.650
031083       8.540
031183       8.590
031483       8.580
031583       8.630
031683       8.640
031783       8.700
031883       8.800
032183       8.900
032283       8.920
032383       8.900
032483       8.890
032583       8.930
032883       9.020
032983       9.060
033083       9.030
033183       9.090
040483       9.090
040583       9.050
040683       8.920
040783       8.800
040883       8.810
041183       8.690
041283       8.600
041383       8.610
041483       8.590
041583       8.560
041883       8.580
041983       8.590
042083       8.570
042183       8.560
042283       8.570
042583       8.490
042683       8.430
042783       8.370
042883       8.390
042983       8.340
050283       8.330
050383       8.360
050483       8.310
050583       8.300
050683       8.310
050983       8.330
051083       8.330
051183       8.260
051283       8.260
051383       8.320
051683       8.400
051783       8.560
051883       8.520
051983       8.530
052083       8.590
052383       8.770
052483       8.730
052583       8.700
052683       8.740
052783       8.800
053183       8.930
060183       9.090
060283       8.850
060383       8.970
060683       9.060
060783       9.150
060883       9.300
060983       9.260
061083       9.200
061383       9.040
061483       9.110
061583       9.150
061683       9.130
061783       9.100
062083       9.220
062183       9.420
062283       9.320
062383       9.330
062483       9.350
062783       9.360
062883       9.340
062983       9.300
063083       9.250
070183       9.150
070583       9.440
070683       9.440
070783       9.490
070883       9.490
071183       9.430
071283       9.500
071383       9.580
071483       9.470
071583       9.560
071883       9.640
071983       9.630
072083       9.430
072183       9.460
072283       9.510
072583       9.610
072683       9.520
072783       9.490
072883       9.530
072983       9.570
080183       9.650
080283       9.900
080383       9.880
080483       9.800
080583       9.890
080883       9.940
080983      10.000
081083      10.020
081183      10.000
081283       9.980
081583       9.920
081683       9.880
081783       9.670
081883       9.710
081983       9.710
082283       9.540
082383       9.500
082483       9.490
082583       9.370
082683       9.570
082983       9.720
083083       9.720
083183       9.760
090183       9.700
090283       9.740
090683       9.580
090783       9.580
090883       9.490
090983       9.510
091283       9.310
091383       9.400
091483       9.430
091583       9.520
091683       9.500
091983       9.430
092083       9.350
092183       9.300
092283       9.350
092383       9.270
092683       9.180
092783       9.180
092883       9.120
092983       9.200
093083       9.150
100383       9.170
100483       9.180
100583       9.100
100683       9.090
100783       9.130
101183       9.200
101283       9.280
101383       9.200
101483       9.200
101783       9.110
101883       9.110
101983       9.120
102083       9.150
102183       9.160
102483       9.270
102583       9.240
102683       9.240
102783       9.250
102883       9.230
103183       9.210
110183       9.250
110283       9.250
110383       9.320
110483       9.420
110783       9.460
110983       9.400
111083       9.370
111483       9.320
111583       9.420
111683       9.410
111783       9.450
111883       9.450
112183       9.430
112283       9.320
112383       9.300
112583       9.300
112883       9.300
112983       9.350
113083       9.310
120183       9.350
120283       9.400
120583       9.470
120683       9.410
120783       9.490
120883       9.590
120983       9.650
121283       9.630
121383       9.760
121483       9.920
121583       9.950
121683       9.960
121983       9.910
122083       9.860
122183       9.850
122283       9.820
122383       9.720
122783       9.710
122883       9.680
122983       9.650
123083       9.620
010384       9.620
010484       9.650
010584       9.520
010684       9.480
010984       9.510
011084       9.420
011184       9.440
011284       9.460
011384       9.350
011684       9.300
011784       9.310
011884       9.360
011984       9.400
012084       9.360
012384       9.420
012484       9.400
012584       9.410
012684       9.400
012784       9.360
013084       9.310
013184       9.330
020184       9.350
020284       9.340
020384       9.340
020684       9.410
020784       9.450
020884       9.440
020984       9.450
021084       9.450
021484       9.540
021584       9.560
021684       9.520
021784       9.670
022184       9.660
022284       9.660
022384       9.730
022484       9.720
022784       9.660
022884       9.720
022984       9.660
030184       9.710
030284       9.710
030584       9.700
030684       9.800
030784       9.810
030884       9.860
030984      10.010
031284       9.950
031384       9.950
031484      10.010
031584      10.070
031684       9.980
031984      10.110
032084      10.330
032184      10.320
032284      10.390
032384      10.420
032684      10.370
032784      10.320
032884      10.350
032984      10.330
033084      10.320
040284      10.310
040384      10.360
040484      10.480
040584      10.450
040684      10.400
040984      10.400
041084      10.330
041184      10.350
041284      10.300
041384      10.280
041684      10.410
041784      10.380
041884      10.360
041984      10.540
042384      10.490
042484      10.500
042584      10.430
042684      10.420
042784      10.460
043084      10.530
050184      10.570
050284      10.620
050384      10.610
050484      10.660
050784      10.790
050884      11.070
050984      11.120
051084      11.360
051184      11.490
051484      11.430
051584      11.440
051684      11.240
051784      11.260
051884      11.240
052184      11.000
052284      11.100
052384      11.120
052484      11.230
052584      11.270
052984      11.300
053084      11.290
053184      11.290
060184      11.340
060484      11.150
060584      11.030
060684      11.020
060784      11.150
060884      11.110
061184      11.150
061284      11.230
061384      11.150
061484      11.100
061584      11.010
061884      11.240
061984      11.200
062084      11.520
062184      11.530
062284      11.790
062584      11.720
062684      11.680
062784      11.620
062884      11.640
062984      11.670
070284      11.760
070384      11.780
070584      11.730
070684      11.740
070984      11.710
071084      11.640
071184      11.640
071284      11.560
071384      11.450
071684      11.520
071784      11.580
071884      11.590
071984      11.540
072084      11.460
072384      11.650
072484      11.540
072584      11.470
072684      11.410
072784      11.290
073084      11.370
073184      11.390
080184      11.460
080284      11.430
080384      11.300
080684      11.370
080784      11.530
080884      11.400
080984      11.460
081084      11.370
081384      11.480
081484      11.450
081584      11.410
081684      11.500
081784      11.480
082084      11.500
082184      11.560
082284      11.500
082384      11.480
082484      11.470
082784      11.490
082884      11.530
082984      11.510
083084      11.520
083184      11.530
090484      11.540
090584      11.670
090684      11.630
090784      11.540
091084      11.510
091184      11.360
091284      11.430
091384      11.400
091484      11.270
091784      11.360
091884      11.310
091984      11.280
092084      11.160
092184      11.120
092484      11.160
092584      11.060
092684      10.930
092784      10.890
092884      10.940
100184      11.010
100284      11.110
100384      11.020
100484      11.000
100584      10.970
100984      10.870
101084      10.730
101184      10.750
101284      10.670
101584      10.590
101684      10.560
101784      10.500
101884      10.340
101984       9.960
102284      10.040
102384       9.910
102484       9.740
102584       9.630
102684       9.770
102984       9.830
103084       9.800
103184       9.590
110184       9.530
110284       9.550
110584       9.540
110784       9.230
110884       9.350
110984       9.310
111384       9.290
111484       9.340
111584       9.490
111684       9.260
111984       9.320
112084       9.220
112184       9.130
112384       8.870
112684       8.840
112784       8.860
112884       8.790
112984       8.720
113084       8.840
120384       8.980
120484       8.940
120584       8.850
120684       8.910
120784       8.940
121084       8.980
121184       8.900
121284       8.860
121384       8.810
121484       8.750
121784       8.630
121884       8.290
121984       8.240
122084       8.280
122184       8.250
122484       8.220
122684       8.200
122784       8.260
122884       8.310
123184       8.340
010285       8.310
010385       8.330
010485       8.230
010785       8.180
010885       8.150
010985       8.070
011085       8.070
011185       8.160
011485       8.190
011585       8.080
011685       8.090
011785       8.120
011885       8.060
012285       8.070
012385       8.060
012485       8.070
012585       8.060
012885       8.120
012985       8.210
013085       8.140
013185       8.210
020185       8.480
020485       8.580
020585       8.500
020685       8.450
020785       8.490
020885       8.770
021185       8.610
021385       8.700
021485       8.620
021585       8.620
021985       8.660
022085       8.700
022185       8.910
022285       8.820
022585       8.870
022685       8.850
022785       8.850
022885       8.990
030185       8.990
030485       9.200
030585       9.240
030685       9.160
030785       9.290
030885       9.210
031185       8.900
031285       8.940
031385       8.980
031485       9.140
031585       9.240
031885       9.120
031985       9.130
032085       9.000
032185       8.880
032285       8.900
032585       8.910
032685       8.790
032785       8.800
032885       8.830
032985       8.780
040185       8.780
040285       8.850
040385       8.780
040485       8.790
040885       8.790
040985       8.750
041085       8.680
041185       8.650
041285       8.590
041585       8.570
041685       8.490
041785       8.440
041885       8.270
041985       8.190
042285       8.190
042385       8.170
042485       8.200
042585       8.180
042685       8.270
042985       8.300
043085       8.330
050185       8.290
050285       8.310
050385       8.210
050685       8.150
050785       8.120
050885       8.140
050985       8.160
051085       8.120
051385       8.120
051485       8.120
051585       8.010
051685       8.000
051785       7.950
052085       7.650
052185       7.660
052285       7.610
052385       7.660
052485       7.630
052885       7.530
052985       7.580
053085       7.560
053185       7.550
060385       7.400
060485       7.430
060585       7.320
060685       7.380
060785       7.420
061085       7.540
061185       7.510
061285       7.440
061385       7.520
061485       7.430
061785       7.340
061885       7.250
061985       7.180
062085       7.240
062185       7.430
062485       7.620
062585       7.690
062685       7.600
062785       7.540
062885       7.550
070185       7.520
070285       7.610
070385       7.530
070585       7.410
070885       7.410
070985       7.480
071085       7.470
071185       7.570
071285       7.640
071585       7.630
071685       7.640
071785       7.470
071885       7.630
071985       7.750
072285       7.830
072385       7.830
072485       7.720
072585       7.720
072685       7.710
072985       7.810
073085       7.770
073185       7.870
080185       7.830
080285       7.880
080585       7.860
080685       7.850
080785       7.850
080885       7.790
080985       7.790
081285       7.750
081385       7.800
081485       7.840
081585       7.810
081685       7.910
081985       7.850
082085       7.820
082185       7.750
082285       7.740
082385       7.760
082685       7.750
082785       7.810
082885       7.810
082985       7.780
083085       7.780
090385       7.910
090485       7.810
090585       7.810
090685       7.940
090985       7.950
091085       7.950
091185       8.000
091285       8.050
091385       8.050
091685       7.980
091785       7.980
091885       7.980
091985       8.020
092085       7.990
092385       7.820
092485       7.860
092585       7.830
092685       7.780
093085       7.890
100185       7.870
100285       7.830
100385       7.840
100485       7.810
100785       7.880
100885       7.870
100985       7.870
101085       7.900
101185       7.920
101585       7.930
101685       7.940
101785       7.920
101885       7.890
102185       7.920
102285       7.910
102385       7.910
102485       7.970
102585       9.740
102885       7.920
102985       7.900
103085       7.750
103185       7.750
110185       7.780
110485       7.770
110585       7.800
110685       7.800
110785       7.790
110885       7.790
111285       7.740
111385       7.750
111485       7.790
111585       8.010
111885       7.860
111985       7.750
112085       7.770
112185       7.810
112285       7.810
112585       7.860
112685       7.880
112785       7.860
112985       7.850
120285       7.880
120385       7.990
120485       7.940
120585       7.930
120685       7.950
120985       7.920
121085       7.880
121185       7.840
121285       7.740
121385       7.670
121685       7.660
121785       7.630
121885       7.620
121985       7.730
122085       7.730
122385       7.780
122485       7.790
122685       7.810
122785       7.820
123085       7.730
123185       7.720
010286       7.740
010386       7.780
010686       7.780
010786       7.740
010886       7.740
010986       7.900
011086       7.870
011386       7.990
011486       7.960
011586       7.960
011686       7.850
011786       7.810
012186       7.840
012286       7.850
012386       7.850
012486       7.830
012786       7.800
012886       7.760
012986       7.740
013086       7.750
013186       7.750
020386       7.720
020486       7.700
020586       7.690
020686       7.700
020786       7.830
021086       7.810
021186       7.720
021286       7.760
021386       7.740
021486       7.670
021886       7.650
021986       7.700
022086       7.680
022186       7.650
022486       7.640
022586       7.650
022686       7.660
022786       7.600
022886       7.570
030386       7.590
030486       7.510
030586       7.520
030686       7.370
030786       7.330
031086       7.250
031186       7.180
031286       7.180
031386       7.180
031486       7.150
031786       7.140
031886       7.180
031986       7.170
032086       7.170
032186       7.170
032486       7.170
032586       7.170
032686       7.170
032786       7.140
033186       7.120
040186       7.000
040286       7.000
040386       7.000
040486       6.990
040786       6.880
040886       6.630
040986       6.530
041086       6.530
041186       6.510
041486       6.510
041586       6.470
041686       6.420
041786       6.400
041886       6.400
042186       6.390
042286       6.410
042386       6.520
042486       6.510
042586       6.530
042886       6.570
042986       6.530
043086       6.530
050186       6.550
050286       6.600
050586       6.570
050686       6.520
050786       6.530
050886       6.470
050986       6.540
051286       6.610
051386       6.670
051486       6.590
051586       6.610
051686       6.740
051986       6.740
052086       6.820
052186       6.750
052286       6.720
052386       6.710
052786       6.670
052886       6.670
052986       6.730
053086       6.770
060286       6.750
060386       6.820
060486       6.830
060586       6.910
060686       6.820
060986       6.800
061086       6.840
061186       6.820
061286       6.830
061386       6.750
061686       6.700
061786       6.660
061886       6.670
061986       6.700
062086       6.690
062386       6.670
062486       6.630
062586       6.600
062686       6.630
062786       6.590
063086       6.540
070186       6.490
070286       6.520
070386       6.470
070786       6.420
070886       6.450
070986       6.450
071086       6.450
071186       6.380
071486       6.350
071586       6.320
071686       6.320
071786       6.330
071886       6.310
072186       6.300
072286       6.300
072386       6.320
072486       6.310
072586       6.300
072886       6.320
072986       6.350
073086       6.290
073186       6.280
080186       6.230
080486       6.240
080586       6.220
080686       6.200
080786       6.210
080886       6.180
081186       6.130
081286       6.080
081386       6.010
081486       5.960
081586       5.960
081886       5.990
081986       5.930
082086       5.860
082186       5.660
082286       5.660
082586       5.680
082686       5.600
082786       5.590
082886       5.550
082986       5.440
090286       5.410
090386       5.480
090486       5.490
090586       5.580
090886       5.710
090986       5.710
091086       5.680
091186       5.730
091286       5.720
091586       5.700
091686       5.740
091786       5.760
091886       5.740
091986       5.810
092286       5.820
092386       5.810
092486       5.800
092586       5.740
092686       5.780
092986       5.820
093086       5.820
100186       5.760
100286       5.780
100386       5.670
100686       5.570
100786       5.580
100886       5.600
100986       5.600
101086       5.610
101486       5.640
101586       5.670
101686       5.690
101786       5.760
102086       5.810
102186       5.800
102286       5.810
102386       5.750
102486       5.750
102786       5.740
102886       5.730
102986       5.730
103086       5.600
103186       5.610
110386       5.640
110486       5.660
110586       5.670
110686       5.700
110786       5.780
111086       5.830
111286       5.810
111386       5.800
111486       5.800
111786       5.800
111886       5.820
111986       5.810
112086       5.780
112186       5.790
112486       5.780
112586       5.710
112686       5.760
112886       5.780
120186       5.820
120286       5.860
120386       5.840
120486       5.830
120586       5.810
120886       5.860
120986       5.850
121086       5.870
121186       5.870
121286       5.940
121586       5.970
121686       6.020
121786       6.130
121886       6.140
121986       6.150
122286       6.330
122386       6.340
122486       6.220
122686       6.200
122986       6.270
123086       6.340
123186       6.260
010287       6.000
010587       5.960
010687       5.940
010787       5.920
010887       5.840
010987       5.850
011287       5.820
011387       5.880
011487       5.880
011587       5.850
011687       5.830
012087       5.800
012187       5.820
012287       5.820
012387       5.820
012687       5.860
012787       5.870
012887       5.890
012987       5.880
013087       5.890
020287       5.980
020387       5.980
020487       5.960
020587       5.970
020687       5.980
020987       6.040
021087       6.090
021187       6.170
021287       6.230
021387       6.140
021787       6.300
021887       6.260
021987       6.160
022087       6.100
022387       6.130
022487       6.100
022587       6.100
022687       6.110
022787       6.100
030287       6.090
030387       6.100
030487       6.100
030587       6.080
030687       6.110
030987       6.130
031087       6.140
031187       6.190
031287       6.150
031387       6.140
031687       6.160
031787       6.180
031887       6.150
031987       6.160
032087       6.150
032387       6.180
032487       6.230
032587       6.230
032687       6.220
032787       6.220
033087       6.330
033187       6.300
040187       6.330
040287       6.270
040387       6.260
040687       6.240
040787       6.260
040887       6.250
040987       6.260
041087       6.470
041387       6.500
041487       6.880
041587       6.690
041687       6.530
042087       6.450
042187       6.600
042287       6.530
042387       6.610
042487       6.700
042787       6.820
042887       6.770
042987       6.670
043087       6.830
050187       6.820
050487       6.840
050587       6.920
050687       6.840
050787       6.850
050887       6.820
051187       6.790
051287       6.890
051387       6.890
051487       6.890
051587       6.990
051887       7.140
051987       7.150
052087       7.330
052187       7.280
052287       7.260
052687       7.050
052787       7.020
052887       7.040
052987       7.020
060187       6.950
060287       7.010
060387       7.020
060487       6.980
060587       6.980
060887       6.990
060987       7.000
061087       7.000
061187       6.980
061287       6.920
061587       6.840
061687       6.880
061787       6.870
061887       6.870
061987       6.920
062287       6.880
062387       6.880
062487       6.920
062587       6.930
062687       6.960
062987       6.950
063087       6.900
070187       6.870
070287       6.790
070687       6.740
070787       6.770
070887       6.720
070987       6.750
071087       6.690
071387       6.660
071487       6.660
071587       6.640
071687       6.630
071787       6.600
072087       6.630
072187       6.640
072287       6.640
072387       6.660
072487       6.680
072787       6.730
072887       6.730
072987       6.720
073087       6.690
073187       6.740
080387       6.770
080487       6.820
080587       6.780
080687       6.730
080787       6.780
081087       6.750
081187       6.690
081287       6.670
081387       6.690
081487       6.690
081787       6.690
081887       6.720
081987       6.740
082087       6.750
082187       6.720
082487       6.740
082587       6.730
082687       6.740
082787       6.780
082887       6.880
083187       6.970
090187       6.980
090287       7.000
090387       7.010
090487       7.060
090887       7.290
090987       7.430
091087       7.350
091187       7.440
091487       7.290
091587       7.410
091687       7.460
091787       7.440
091887       7.450
092187       7.380
092287       7.430
092387       7.430
092487       7.430
092587       7.470
092887       7.490
092987       7.580
093087       8.000
100187       7.900
100287       8.020
100587       7.990
100687       8.070
100787       8.190
100887       8.230
100987       8.490
101387       8.540
101487       8.620
101587       8.850
101687       8.900
101987       9.020
102087       8.020
102187       7.630
102287       7.550
102387       7.270
102687       7.360
102787       7.510
102887       7.460
102987       7.390
103087       7.400
110287       7.480
110387       7.460
110487       7.260
110587       7.020
110687       7.060
110987       7.100
111087       7.140
111287       7.130
111387       7.150
111687       7.160
111787       7.250
111887       7.170
111987       7.180
112087       7.150
112387       7.200
112487       7.170
112587       7.240
112787       7.440
113087       7.720
120187       7.620
120287       7.600
120387       7.570
120487       7.540
120787       7.580
120887       7.720
120987       7.780
121087       7.770
121187       7.890
121487       8.070
121587       8.060
121687       7.810
121787       7.700
121887       7.760
122187       7.630
122287       7.630
122387       7.610
122487       7.570
122887       7.580
122987       7.530
123087       7.320
123187       7.100
010488       7.060
010588       7.000
010688       7.030
010788       7.010
010888       7.060
011188       7.050
011288       6.990
011388       7.010
011488       7.000
011588       6.890
011988       6.890
012088       6.910
012188       6.850
012288       6.810
012588       6.830
012688       6.860
012788       6.820
012888       6.680
012988       6.670
020188       6.630
020288       6.700
020388       6.620
020488       6.630
020588       6.570
020888       6.600
020988       6.580
021088       6.510
021188       6.490
021288       6.510
021688       6.640
021788       6.660
021888       6.650
021988       6.620
022288       6.630
022388       6.640
022488       6.580
022588       6.610
022688       6.600
022988       6.570
030188       6.570
030288       6.570
030388       6.570
030488       6.630
030788       6.620
030888       6.620
030988       6.620
031088       6.630
031188       6.610
031488       6.610
031588       6.620
031688       6.630
031788       6.620
031888       6.590
032188       6.650
032288       6.620
032388       6.630
032488       6.670
032588       6.640
032888       6.640
032988       6.670
033088       6.670
033188       6.690
040488       6.780
040588       6.800
040688       6.840
040788       6.840
040888       6.860
041188       6.830
041288       6.850
041388       6.850
041488       6.900
041588       6.930
041888       6.990
041988       7.010
042088       7.040
042188       7.010
042288       7.000
042588       6.970
042688       6.990
042788       6.970
042888       6.970
042988       7.050
050288       7.050
050388       7.090
050488       7.070
050588       7.110
050688       7.130
050988       7.140
051088       7.210
051188       7.280
051288       7.250
051388       7.210
051688       7.200
051788       7.270
051888       7.280
051988       7.250
052088       7.260
052388       7.310
052488       7.290
052588       7.280
052688       7.330
052788       7.480
053188       7.540
060188       7.510
060288       7.470
060388       7.480
060688       7.440
060788       7.440
060888       7.470
060988       7.440
061088       7.470
061388       7.450
061488       7.410
061588       7.400
061688       7.430
061788       7.500
062088       7.570
062188       7.600
062288       7.540
062388       7.530
062488       7.530
062788       7.570
062888       7.630
062988       7.620
063088       7.650
070188       7.630
070588       7.660
070688       7.730
070788       7.780
070888       7.850
071188       7.870
071288       7.850
071388       7.890
071488       7.900
071588       8.030
071888       8.010
071988       8.060
072088       7.990
072188       8.040
072288       8.070
072588       8.050
072688       8.050
072788       8.090
072888       8.120
072988       8.110
080188       8.110
080288       8.100
080388       8.080
080488       8.070
080588       8.140
080888       8.160
080988       8.150
081088       8.310
081188       8.350
081288       8.420
081588       8.470
081688       8.550
081788       8.490
081888       8.460
081988       8.480
082288       8.460
082388       8.490
082488       8.450
082588       8.530
082688       8.490
082988       8.470
083088       8.430
083188       8.380
090188       8.420
090288       8.360
090688       8.290
090788       8.220
090888       8.270
090988       8.240
091288       8.220
091388       8.220
091488       8.160
091588       8.170
091688       8.190
091988       8.170
092088       8.170
092188       8.170
092288       8.130
092388       8.160
092688       8.170
092788       8.200
092888       8.280
092988       8.250
093088       8.290
100388       8.280
100488       8.320
100588       8.330
100688       8.340
100788       8.290
101188       8.260
101288       8.330
101388       8.390
101488       8.350
101788       8.350
101888       8.370
101988       8.370
102088       8.400
102188       8.400
102488       8.400
102588       8.430
102688       8.410
102788       8.430
102888       8.380
103188       8.400
110188       8.400
110288       8.410
110388       8.430
110488       8.520
110788       8.500
110888       8.510
110988       8.560
111088       8.620
111488       8.680
111588       8.750
111688       8.780
111788       8.890
111888       8.880
112188       8.880
112288       8.960
112388       8.980
112588       9.170
112888       9.280
112988       9.270
113088       9.200
120188       9.080
120288       9.290
120588       9.310
120688       9.260
120788       9.170
120888       9.200
120988       9.250
121288       9.240
121388       9.310
121488       9.340
121588       9.320
121688       9.370
121988       9.370
122088       9.330
122188       9.270
122288       9.250
122388       9.210
122788       9.180
122888       9.210
122988       9.210
123088       9.180
010389       9.150
010489       9.150
010589       9.230
010689       9.250
010989       9.230
011089       9.220
011189       9.240
011289       9.230
011389       9.250
011789       9.210
011889       9.250
011989       9.190
012089       9.190
012389       9.180
012489       9.170
012589       9.130
012689       9.200
012789       9.180
013089       9.160
013189       9.170
020189       9.180
020289       9.190
020389       9.250
020689       9.290
020789       9.340
020889       9.290
020989       9.340
021089       9.430
021389       9.510
021489       9.500
021589       9.560
021689       9.520
021789       9.540
022189       9.540
022289       9.580
022389       9.670
022489       9.860
022789      10.020
022889      10.040
030189       9.980
030289       9.990
030389       9.960
030689       9.920
030789       9.890
030889       9.910
030989       9.940
031089      10.040
031389      10.100
031489      10.060
031589      10.010
031689      10.020
031789      10.260
032089      10.320
032189      10.280
032289      10.270
032389      10.180
032789      10.190
032889      10.210
032989      10.180
033089      10.120
033189      10.120
040389      10.060
040489      10.050
040589      10.010
040689      10.040
040789      10.010
041089      10.040
041189      10.020
041289      10.020
041389      10.030
041489      10.010
041789       9.930
041889       9.830
041989       9.840
042089       9.830
042189       9.940
042489       9.920
042589       9.890
042689       9.840
042789       9.800
042889       9.750
050189       9.860
050289       9.890
050389       9.810
050489       9.820
050589       9.750
050889       9.720
050989       9.740
051089       9.790
051189       9.770
051289       9.570
051589       9.440
051689       9.480
051789       9.520
051889       9.510
051989       9.490
052289       9.400
052389       9.320
052489       9.340
052589       9.440
052689       9.530
053089       9.390
053189       9.440
060189       9.400
060289       9.340
060589       9.210
060689       9.180
060789       9.200
060889       9.050
060989       9.120
061289       9.000
061389       9.060
061489       9.150
061589       9.120
061689       9.300
061989       9.290
062089       9.300
062189       9.240
062289       9.310
062389       9.310
062689       9.180
062789       9.170
062889       9.170
062989       9.200
063089       9.080
070389       9.060
070589       9.020
070689       8.990
070789       8.920
071089       8.790
071189       8.730
071289       8.710
071389       8.670
071489       8.670
071789       8.730
071889       8.770
071989       8.790
072089       8.710
072189       8.750
072489       8.770
072589       8.750
072689       8.710
072789       8.640
072889       8.580
073189       8.410
080189       8.270
080289       8.270
080389       8.260
080489       8.530
080789       8.600
080889       8.540
080989       8.550
081089       8.630
081189       8.490
081489       8.720
081589       8.800
081689       8.740
081789       8.720
081889       8.800
082189       8.730
082289       8.800
082389       8.810
082489       8.740
082589       8.730
082889       8.750
082989       8.800
083089       8.790
083189       8.760
090189       8.860
090589       8.780
090689       8.780
090789       8.760
090889       8.780
091189       8.740
091289       8.740
091389       8.720
091489       8.680
091589       8.690
091889       8.700
091989       8.700
092089       8.750
092189       8.780
092289       8.790
092589       8.820
092689       8.890
092789       8.880
092889       8.860
092989       8.960
100289       8.960
100389       8.940
100489       8.930
100589       8.940
100689       8.780
101089       8.610
101189       8.650
101289       8.630
101389       8.630
101689       8.240
101789       8.410
101889       8.470
101989       8.520
102089       8.480
102389       8.520
102489       8.500
102589       8.460
102689       8.470
102789       8.490
103089       8.540
103189       8.510
110189       8.510
110289       8.500
110389       8.580
110689       8.610
110789       8.580
110889       8.420
110989       8.390
111089       8.400
111389       8.410
111489       8.360
111589       8.350
111689       8.320
111789       8.340
112089       8.350
112189       8.370
112289       8.350
112489       8.200
112789       8.180
112889       8.310
112989       8.320
113089       8.280
120189       8.250
120489       8.220
120589       8.230
120689       8.230
120789       8.350
120889       8.280
121189       8.290
121289       8.310
121389       8.380
121489       8.410
121589       8.370
121889       8.420
121989       8.430
122089       8.440
122189       8.270
122289       8.290
122689       8.310
122789       8.400
122889       8.370
122989       8.240
010290       8.140
010390       8.160
010490       8.180
010590       8.120
010890       8.160
010990       8.130
011090       8.140
011190       8.100
011290       8.100
011690       8.110
011790       8.140
011890       8.220
011990       8.200
012290       8.170
012390       8.200
012490       8.210
012590       8.170
012690       8.190
012990       8.180
013090       8.190
013190       8.210
020190       8.200
020290       8.200
020590       8.210
020690       8.230
020790       8.240
020890       8.230
020990       8.210
021290       8.190
021390       8.220
021490       8.190
021590       8.210
021690       8.200
022090       8.230
022190       8.250
022290       8.240
022390       8.230
022690       8.240
022790       8.240
022890       8.240
030190       8.270
030290       8.270
030590       8.270
030690       8.280
030790       8.280
030890       8.280
030990       8.330
031290       8.400
031390       8.410
031490       8.470
031590       8.410
031690       8.400
031990       8.380
032090       8.410
032190       8.380
032290       8.380
032390       8.350
032690       8.350
032790       8.350
032890       8.350
032990       8.360
033090       8.350
040290       8.360
040390       8.380
040490       8.390
040590       8.380
040690       8.340
040990       8.360
041090       8.360
041190       8.350
041290       8.320
041690       8.310
041790       8.360
041890       8.360
041990       8.430
042090       8.440
042390       8.480
042490       8.500
042590       8.530
042690       8.560
042790       8.600
043090       8.580
050190       8.570
050290       8.610
050390       8.600
050490       8.450
050790       8.420
050890       8.410
050990       8.390
051090       8.350
051190       8.260
051490       8.280
051590       8.280
051690       8.300
051790       8.290
051890       8.310
052190       8.340
052290       8.280
052390       8.280
052490       8.250
052590       8.290
052990       8.280
053090       8.270
053190       8.260
060190       8.200
060490       8.200
060590       8.190
060690       8.230
060790       8.240
060890       8.230
061190       8.230
061290       8.220
061390       8.220
061490       8.190
061590       8.200
061890       8.230
061990       8.240
062090       8.240
062190       8.260
062290       8.250
062590       8.240
062690       8.280
062790       8.280
062890       8.270
062990       8.260
070290       8.230
070390       8.230
070590       8.220
070690       8.260
070990       8.260
071090       8.270
071190       8.260
071290       8.270
071390       8.170
071690       8.070
071790       8.040
071890       8.030
071990       8.020
072090       8.020
072390       8.000
072490       7.980
072590       7.980
072690       7.970
072790       7.970
073090       7.940
073190       7.880
080190       7.880
080290       7.900
080390       7.870
080690       7.810
080790       7.840
080890       7.900
080990       7.920
081090       7.890
081390       7.890
081490       7.880
081590       7.890
081690       7.980
081790       8.060
082090       8.020
082190       8.060
082290       8.070
082390       8.130
082490       8.180
082790       8.130
082890       8.040
082990       8.040
083090       8.020
083190       7.980
090490       7.960
090590       7.910
090690       7.910
090790       7.970
091090       7.940
091190       8.000
091290       7.960
091390       7.980
091490       7.980
091790       7.980
091890       8.040
091990       8.010
092090       8.090
092190       8.180
092490       8.210
092590       8.250
092690       8.300
092790       8.270
092890       8.180
100190       8.030
100290       8.000
100390       8.030
100490       8.020
100590       8.030
100990       8.060
101090       8.140
101190       8.130
101290       8.110
101590       8.110
101690       8.110
101790       8.120
101890       8.120
101990       8.080
102290       8.060
102390       8.070
102490       8.070
102590       8.060
102690       8.000
102990       7.940
103090       7.960
103190       7.960
110190       7.930
110290       7.940
110590       7.960
110690       7.960
110790       7.980
110890       7.990
110990       7.990
111390       7.960
111490       7.960
111590       7.950
111690       7.940
111990       7.920
112090       7.960
112190       8.010
112390       8.000
112690       8.050
112790       8.130
112890       8.260
112990       8.430
113090       8.280
120390       8.190
120490       8.130
120590       7.880
120690       7.840
120790       7.750
121090       7.500
121190       7.530
121290       7.520
121390       7.530
121490       7.640
121790       7.850
121890       7.860
121990       7.570
122090       7.710
122190       7.940
122490       8.030
122690       8.360
122790       8.060
122890       8.060
123190       7.480
010291       7.390
010391       7.240
010491       7.290
010791       7.380
010891       7.440
010991       7.250
011091       7.260
011191       7.180
011491       7.350
011591       7.380
011691       7.450
011791       7.230
011891       7.220
012291       7.000
012391       7.050
012491       6.840
012591       6.870
012891       6.940
012991       6.950
013091       6.930
013191       6.880
020191       6.510
020491       6.480
020591       6.440
020691       6.450
020791       6.440
020891       6.430
021191       6.430
021291       6.430
021391       6.430
021491       6.430
021591       6.460
021991       6.460
022091       6.530
022191       6.560
022291       6.590
022591       6.690
022691       6.670
022791       6.700
022891       6.690
030191       6.810
030491       6.780
030591       6.720
030691       6.660
030791       6.700
030891       6.620
031191       6.450
031291       6.380
031391       6.420
031491       6.250
031591       6.230
031891       6.260
031991       6.410
032091       6.430
032191       6.330
032291       6.340
032591       6.330
032691       6.330
032791       6.300
032891       6.260
040191       6.230
040291       6.240
040391       6.200
040491       6.160
040591       6.080
040891       6.060
040991       6.040
041091       6.010
041191       5.990
041291       5.890
041591       5.870
041691       5.990
041791       6.000
041891       6.050
041991       6.090
042291       6.110
042391       6.120
042491       6.080
042591       6.040
042691       6.060
042991       6.000
043091       5.900
050191       5.880
050291       5.870
050391       5.920
050691       5.930
050791       5.890
050891       5.900
050991       5.920
051091       5.890
051391       5.930
051491       5.930
051591       5.920
051691       5.910
051791       5.940
052091       5.920
052191       5.920
052291       5.910
052391       5.890
052491       5.890
052891       5.880
052991       5.900
053091       5.910
053191       5.900
060391       5.960
060491       6.070
060591       6.100
060691       6.070
060791       6.140
061091       6.130
061191       6.100
061291       6.110
061391       6.140
061491       6.110
061791       6.050
061891       6.050
061991       6.040
062091       6.010
062191       5.990
062491       6.020
062591       6.040
062691       6.040
062791       6.080
062891       6.060
070191       6.020
070291       6.040
070391       6.040
070591       6.040
070891       6.050
070991       6.040
071091       6.040
071191       6.010
071291       5.960
071591       5.950
071691       5.950
071791       5.970
071891       6.000
071991       5.990
072291       5.970
072391       5.970
072491       5.940
072591       5.920
072691       5.910
072991       5.910
073091       5.930
073191       5.920
080191       5.930
080291       5.830
080591       5.800
080691       5.800
080791       5.640
080891       5.590
080991       5.620
081291       5.630
081391       5.670
081491       5.630
081591       5.610
081691       5.580
081991       5.540
082091       5.550
082191       5.560
082291       5.560
082391       5.680
082691       5.660
082791       5.660
082891       5.640
082991       5.590
083091       5.590
090391       5.610
090491       5.600
090591       5.590
090691       5.580
090991       5.560
091091       5.510
091191       5.520
091291       5.490
091391       5.400
091691       5.390
091791       5.420
091891       5.410
091991       5.410
092091       5.410
092391       5.410
092491       5.390
092591       5.390
092691       5.390
092791       5.480
093091       5.490
100191       5.470
100291       5.450
100391       5.410
100491       5.340
100791       5.320
100891       5.310
100991       5.310
101091       5.340
101191       5.300
101591       5.290
101691       5.270
101791       5.320
101891       5.350
102191       5.320
102291       5.380
102391       5.340
102491       5.310
102591       5.320
102891       5.320
102991       5.280
103091       5.260
103191       5.170
110191       5.030
110491       5.050
110591       5.030
110691       4.980
110791       4.940
110891       4.920
111291       4.930
111391       5.030
111491       4.980
111591       4.960
111891       4.930
111991       4.930
112091       4.920
112191       4.870
112291       4.870
112591       4.870
112691       4.880
112791       4.860
112991       4.840
120291       4.850
120391       4.830
120491       4.820
120591       4.770
120691       4.610
120991       4.560
121091       4.450
121191       4.460
121291       4.460
121391       4.460
121691       4.460
121791       4.440
121891       4.430
121991       4.440
122091       4.020
122391       4.210
122491       4.330
122691       4.420
122791       4.370
123091       4.300
123191       4.180
010292       4.040
010392       4.060
010692       4.060
010792       4.000
010892       3.940
010992       3.890
011092       4.000
011392       4.040
011492       4.070
011592       4.130
011692       4.140
011792       4.070
012192       4.050
012292       4.030
012392       4.050
012492       4.090
012792       4.100
012892       4.100
012992       4.030
013092       4.080
013192       4.070
020392       4.050
020492       4.050
020592       4.030
020692       3.990
020792       3.970
021092       3.900
021192       3.910
021292       3.930
021392       4.000
021492       4.080
021892       4.070
021992       4.120
022092       4.120
022192       4.210
022492       4.240
022592       4.190
022692       4.150
022792       4.110
022892       4.120
030292       4.110
030392       4.230
030492       4.210
030592       4.250
030692       4.290
030992       4.220
031092       4.200
031192       4.220
031292       4.290
031392       4.290
031692       4.320
031792       4.320
031892       4.270
031992       4.260
032092       4.260
032392       4.310
032492       4.280
032592       4.220
032692       4.180
032792       4.240
033092       4.230
033192       4.230
040192       4.190
040292       4.170
040392       4.150
040692       4.140
040792       4.150
040892       4.080
040992       4.100
041092       3.910
041392       3.920
041492       3.910
041592       3.930
041692       3.940
042092       3.990
042192       3.970
042292       3.960
042392       3.960
042492       3.910
042792       3.910
042892       3.960
042992       3.910
043092       3.930
050192       3.910
050492       3.890
050592       3.870
050692       3.840
050792       3.820
050892       3.810
051192       3.820
051292       3.760
051392       3.760
051492       3.750
051592       3.780
051892       3.780
051992       3.750
052092       3.730
052192       3.810
052292       3.830
052692       3.850
052792       3.900
052892       3.910
052992       3.890
060192       3.890
060292       3.940
060392       3.930
060492       3.930
060592       3.880
060892       3.880
060992       3.870
061092       3.860
061192       3.860
061292       3.840
061592       3.840
061692       3.860
061792       3.820
061892       3.810
061992       3.830
062292       3.850
062392       3.860
062492       3.830
062592       3.830
062692       3.810
062992       3.820
063092       3.810
070192       3.820
070292       3.550
070692       3.420
070792       3.380
070892       3.350
070992       3.360
071092       3.340
071392       3.360
071492       3.350
071592       3.330
071692       3.320
071792       3.320
072092       3.310
072192       3.330
072292       3.330
072392       3.330
072492       3.320
072792       3.310
072892       3.320
072992       3.300
073092       3.330
073192       3.330
080392       3.350
080492       3.330
080592       3.320
080692       3.310
080792       3.290
081092       3.290
081192       3.280
081292       3.280
081392       3.280
081492       3.280
081792       3.290
081892       3.270
081992       3.280
082092       3.280
082192       3.280
082492       3.320
082592       3.350
082692       3.350
082792       3.340
082892       3.330
083192       3.340
090192       3.340
090292       3.320
090392       3.320
090492       3.060
090892       3.080
090992       3.080
091092       3.080
091192       3.080
091492       3.030
091592       3.050
091692       3.090
091792       3.080
091892       3.090
092192       3.100
092292       3.140
092392       3.190
092492       3.180
092592       3.130
092892       3.120
092992       3.120
093092       3.110
100192       3.090
100292       3.070
100592       3.030
100692       3.040
100792       3.110
100892       3.130
100992       3.150
101392       3.230
101492       3.260
101592       3.250
101692       3.270
101992       3.330
102092       3.440
102192       3.420
102292       3.380
102392       3.350
102692       3.420
102792       3.400
102892       3.380
102992       3.370
103092       3.360
110292       3.410
110392       3.450
110492       3.410
110592       3.420
110692       3.410
110992       3.500
111092       3.530
111292       3.520
111392       3.510
111692       3.650
111792       3.770
111892       3.710
111992       3.620
112092       3.660
112392       3.660
112492       3.680
112592       3.660
112792       3.690
113092       3.800
120192       3.790
120292       3.700
120392       3.690
120492       3.660
120792       3.600
120892       3.560
120992       3.500
121092       3.530
121192       3.520
121492       3.520
121592       3.490
121692       3.430
121792       3.390
121892       3.390
122192       3.360
122292       3.350
122392       3.330
122492       3.340
122892       3.340
122992       3.370
123092       3.310
123192       3.320
010493       3.280
010593       3.260
010693       3.260
010793       3.280
010893       3.260
011193       3.220
011293       3.220
011393       3.220
011493       3.200
011593       3.150
011993       3.160
012093       3.180
012193       3.190
012293       3.150
012593       3.140
012693       3.140
012793       3.140
012893       3.140
012993       3.110
020193       3.140
020293       3.150
020393       3.160
020493       3.140
020593       3.130
020893       3.100
020993       3.130
021093       3.130
021193       3.130
021293       3.110
021693       3.120
021793       3.120
021893       3.100
021993       3.100
022293       3.100
022393       3.080
022493       3.080
022593       3.100
022693       3.120
030193       3.110
030293       3.110
030393       3.090
030493       3.080
030593       3.160
030893       3.110
030993       3.120
031093       3.110
031193       3.120
031293       3.120
031593       3.130
031693       3.120
031793       3.120
031893       3.110
031993       3.090
032293       3.100
032393       3.090
032493       3.110
032593       3.110
032693       3.130
032993       3.130
033093       3.130
033193       3.120
040193       3.130
040293       3.110
040593       3.110
040693       3.120
040793       3.110
040893       3.100
041293       3.090
041393       3.080
041493       3.090
041593       3.100
041693       3.090
041993       3.090
042093       3.080
042193       3.080
042293       3.070
042393       3.060
042693       3.070
042793       3.080
042893       3.080
042993       3.080
043093       3.080
050393       3.080
050493       3.060
050593       3.050
050693       3.060
050793       3.050
051093       3.060
051193       3.050
051293       3.060
051393       3.070
051493       3.120
051793       3.120
051893       3.130
051993       3.120
052093       3.100
052193       3.130
052493       3.160
052593       3.140
052693       3.150
052793       3.150
052893       3.220
060193       3.220
060293       3.170
060393       3.190
060493       3.240
060793       3.260
060893       3.260
060993       3.260
061093       3.260
061193       3.230
061493       3.180
061593       3.160
061693       3.170
061793       3.170
061893       3.190
062193       3.190
062293       3.190
062393       3.230
062493       3.210
062593       3.220
062893       3.200
062993       3.200
063093       3.190
070193       3.170
070293       3.150
070693       3.130
070793       3.150
070893       3.180
070993       3.160
071293       3.140
071393       3.140
071493       3.150
071593       3.140
071693       3.140
071993       3.130
072093       3.150
072193       3.160
072293       3.170
072393       3.190
072693       3.180
072793       3.180
072893       3.180
072993       3.160
073093       3.150
080293       3.170
080393       3.160
080493       3.160
080593       3.170
080693       3.170
080993       3.160
081093       3.150
081193       3.160
081293       3.130
081393       3.140
081693       3.130
081793       3.130
081893       3.130
081993       3.130
082093       3.130
082393       3.150
082493       3.150
082593       3.130
082693       3.120
082793       3.130
083093       3.130
083193       3.140
090193       3.130
090293       3.130
090393       3.100
090793       3.100
090893       3.090
090993       3.120
091093       3.110
091393       3.100
091493       3.130
091593       3.140
091693       3.120
091793       3.120
092093       3.120
092193       3.120
092293       3.120
092393       3.100
092493       3.100
092793       3.100
092893       3.090
092993       3.090
093093       3.250
100193       3.250
100493       3.230
100593       3.230
100693       3.230
100793       3.230
100893       3.210
101293       3.220
101393       3.220
101493       3.220
101593       3.220
101893       3.210
101993       3.230
102093       3.240
102193       3.240
102293       3.240
102593       3.260
102693       3.280
102793       3.270
102893       3.320
102993       3.300
110193       3.330
110293       3.370
110393       3.370
110493       3.370
110593       3.360
110893       3.390
110993       3.330
111093       3.350
111293       3.360
111593       3.350
111693       3.320
111793       3.320
111893       3.310
111993       3.350
112293       3.370
112393       3.360
112493       3.350
112693       3.350
112993       3.340
113093       3.350
120193       3.360
120293       3.350
120393       3.370
120693       3.350
120793       3.330
120893       3.330
120993       3.270
121093       3.270
121393       3.260
121493       3.260
121593       3.240
121693       3.220
121793       3.190
122093       3.180
122193       3.190
122293       3.210
122393       3.230
122793       3.230
122893       3.240
122993       3.240
123093       3.230
123193       3.240
010394       3.230
010494       3.250
010594       3.230
010694       3.240
010794       3.170
011094       3.130
011194       3.140
011294       3.130
011394       3.120
011494       3.130
011894       3.130
011994       3.120
012094       3.120
012194       3.110
012494       3.120
012594       3.110
012694       3.110
012794       3.120
012894       3.120
013194       3.130
020194       3.160
020294       3.180
020394       3.250
020494       3.260
020794       3.410
020894       3.420
020994       3.450
021094       3.410
021194       3.440
021494       3.450
021594       3.470
021694       3.470
021794       3.470
021894       3.490
022294       3.510
022394       3.510
022494       3.620
022594       3.640
022894       3.650
030194       3.630
030294       3.760
030394       3.730
030494       3.780
030794       3.780
030894       3.760
030994       3.790
031094       3.770
031194       3.770
031494       3.750
031594       3.750
031694       3.750
031794       3.750
031894       3.770
032194       3.800
032294       3.890
032394       3.780
032494       3.790
032594       3.790
032894       3.790
032994       3.770
033094       3.830
033194       3.830
040194       4.000
040494       4.040
040594       3.980
040694       3.900
040794       3.870
040894       3.870
041194       3.890
041294       3.890
041394       3.890
041494       3.890
041594       3.930
041894       3.930
041994       4.150
042094       4.120
042194       4.110
042294       4.100
042594       4.100
042694       4.100
042794       4.090
042894       4.120
042994       4.200
050294       4.230
050394       4.250
050494       4.320
050594       4.420
050694       4.550
050994       4.720
051094       4.690
051194       4.650
051294       4.670
051394       4.670
051694       4.610
051794       4.580
051894       4.500
051994       4.490
052094       4.460
052394       4.460
052494       4.490
052594       4.490
052694       4.480
052794       4.510
053194       4.520
060194       4.510
060294       4.500
060394       4.530
060694       4.440
060794       4.450
060894       4.430
060994       4.420
061094       4.430
061394       4.460
061494       4.470
061594       4.430
061694       4.460
061794       4.460
062094       4.470
062194       4.510
062294       4.550
062394       4.520
062494       4.550
062794       4.620
062894       4.650
062994       4.750
063094       4.730
070194       4.800
070594       4.800
070694       4.800
070794       4.720
070894       4.800
071194       4.820
071294       4.820
071394       4.810
071494       4.740
071594       4.710
071894       4.640
071994       4.620
072094       4.600
072194       4.690
072294       4.680
072594       4.700
072694       4.690
072794       4.700
072894       4.760
072994       4.670
080194       4.660
080294       4.660
080394       4.670
080494       4.630
080594       4.770
080894       4.780
080994       4.790
081094       4.780
081194       4.790
081294       4.790
081594       4.810
081694       4.860
081794       4.860
081894       4.890
081994       4.890
082294       4.880
082394       4.880
082494       4.870
082594       4.840
082694       4.860
082994       4.860
083094       4.890
083194       4.890
090194       4.890
090294       4.860
090694       4.870
090794       4.870
090894       4.880
090994       4.950
091294       4.940
091394       4.960
091494       4.950
091594       4.960
091694       4.980
091994       4.980
092094       5.040
092194       5.040
092294       5.180
092394       5.150
092694       5.160
092794       5.180
092894       5.160
092994       5.150
093094       5.410
100394       5.400
100494       5.490
100594       5.500
100694       5.570
100794       5.590
101194       5.520
101294       5.520
101394       5.470
101494       5.450
101794       5.460
101894       5.440
101994       5.450
102094       5.460
102194       5.520
102494       5.520
102594       5.560
102694       5.560
102794       5.560
102894       5.580
103194       5.540
110194       5.560
110294       5.580
110394       5.630
110494       5.650
110794       5.720
110894       5.730
110994       5.720
111094       5.710
111494       5.710
111594       5.740
111694       5.820
111794       5.850
111894       5.890
112194       5.880
112294       5.900
112394       5.840
112594       5.850
112894       5.860
112994       5.960
113094       6.120
120194       6.140
120294       6.340
120594       6.280
120694       6.320
120794       6.230
120894       6.290
120994       6.280
121294       6.290
121394       6.330
121494       6.350
121594       6.310
121694       6.230
121994       6.280
122094       6.270
122194       6.220
122294       6.230
122394       6.290
122794       6.300
122894       6.370
122994       6.380
123094       6.390
010395       6.400
010495       6.380
010595       6.330
010695       6.340
010995       6.280
011095       6.260
011195       6.180
011295       6.170
011395       6.100
011795       6.150
011895       6.220
011995       6.270
012095       6.220
012395       6.210
012495       6.220
012595       6.270
012695       6.220
012795       6.190
013095       6.220
013195       6.230
020195       6.230
020295       6.250
020395       6.190
020695       6.170
020795       6.160
020895       6.150
020995       6.150
021095       6.180
021395       6.200
021495       6.200
021595       6.140
021695       6.140
021795       6.150
022195       6.130
022295       6.130
022395       6.070
022495       6.120
022795       6.120
022895       6.110
030195       6.130
030295       6.130
030395       6.150
030695       6.190
030795       6.200
030895       6.210
030995       6.190
031095       6.190
031395       6.170
031495       6.140
031595       6.150
031695       6.130
031795       6.130
032095       6.120
032195       6.130
032295       6.120
032395       6.120
032495       6.110
032795       6.120
032895       6.120
032995       6.170
033095       6.140
033195       6.190
040395       6.190
040495       6.170
040595       6.130
040695       6.130
040795       6.120
041095       6.120
041195       6.120
041295       6.120
041395       6.120
041795       6.090
041895       6.090
041995       6.110
042095       6.110
042195       6.080
042495       6.080
042595       6.090
042695       6.080
042795       6.090
042895       6.100
050195       6.090
050295       6.090
050395       6.070
050495       6.070
050595       6.040
050895       6.010
050995       6.010
051095       5.970
051195       6.020
051295       6.050
051595       6.040
051695       6.020
051795       6.020
051895       6.040
051995       6.030
052295       6.030
052395       6.030
052495       5.990
052595       5.970
052695       5.980
053095       5.970
053195       5.960
060195       5.960
060295       5.760
060595       5.770
060695       5.830
060795       5.860
060895       5.940
060995       5.990
061295       5.980
061395       5.920
061495       5.900
061595       5.910
061695       5.950
061995       5.960
062095       5.910
062195       5.920
062295       5.890
062395       5.860
062695       5.890
062795       5.920
062895       5.900
062995       5.890
063095       5.960
070395       5.950
070595       5.880
070695       5.850
070795       5.710
071095       5.750
071195       5.750
071295       5.730
071395       5.700
071495       5.730
