1959.01     641.900
1959.02     644.700
1959.03     645.200
1959.04     649.000
1959.05     655.200
1959.06     658.500
1959.07     663.000
1959.08     669.500
1959.09     673.000
1959.10     677.600
1959.11     682.700
1959.12     686.700
1960.01     689.900
1960.02     691.300
1960.03     691.900
1960.04     694.900
1960.05     699.900
1960.06     701.600
1960.07     703.700
1960.08     706.900
1960.09     709.400
1960.10     713.700
1960.11     718.200
1960.12     721.900
1961.01     724.300
1961.02     725.500
1961.03     726.100
1961.04     727.600
1961.05     731.800
1961.06     735.200
1961.07     739.500
1961.08     744.500
1961.09     748.100
1961.10     753.100
1961.11     759.000
1961.12     764.600
1962.01     767.900
1962.02     769.600
1962.03     772.700
1962.04     776.900
1962.05     782.100
1962.06     786.700
1962.07     790.100
1962.08     794.500
1962.09     798.600
1962.10     803.300
1962.11     810.500
1962.12     817.100
1963.01     821.000
1963.02     823.500
1963.03     826.700
1963.04     831.100
1963.05     836.400
1963.06     841.100
1963.07     845.100
1963.08     848.100
1963.09     852.200
1963.10     857.900
1963.11     864.300
1963.12     871.700
1964.01     876.200
1964.02     879.000
1964.03     882.900
1964.04     887.000
1964.05     893.100
1964.06     898.900
1964.07     902.600
1964.08     906.600
1964.09     913.000
1964.10     919.500
1964.11     926.300
1964.12     935.000
1965.01     941.000
1965.02     944.700
1965.03     949.000
1965.04     954.300
1965.05     960.400
1965.06     965.400
1965.07     969.400
1965.08     973.300
1965.09     978.300
1965.10     985.100
1965.11     992.900
1965.12    1001.700
1966.01    1008.400
1966.02    1012.500
1966.03    1017.000
1966.04    1023.000
1966.05    1029.800
1966.06    1035.800
1966.07    1040.000
1966.08    1043.800
1966.09    1048.800
1966.10    1054.700
1966.11    1061.400
1966.12    1068.800
1967.01    1073.500
1967.02    1075.400
1967.03    1079.900
1967.04    1084.700
1967.05    1088.400
1967.06    1092.600
1967.07    1098.800
1967.08    1105.500
1967.09    1112.000
1967.10    1120.700
1967.11    1131.500
1967.12    1142.800
1968.01    1150.300
1968.02    1155.600
1968.03    1161.300
1968.04    1166.500
1968.05    1174.100
1968.06    1182.000
1968.07    1189.600
1968.08    1197.400
1968.09    1205.000
1968.10    1214.300
1968.11    1223.400
1968.12    1233.900
1969.01    1241.500
1969.02    1245.100
1969.03    1251.900
1969.04    1260.100
1969.05    1267.200
1969.06    1272.700
1969.07    1278.500
1969.08    1285.600
1969.09    1294.300
1969.10    1303.900
1969.11    1313.400
1969.12    1324.000
1970.01    1329.000
1970.02    1331.200
1970.03    1337.600
1970.04    1342.300
1970.05    1347.600
1970.06    1357.700
1970.07    1368.300
1970.08    1377.200
1970.09    1384.900
1970.10    1392.000
1970.11    1399.900
1970.12    1412.800
1971.01    1422.300
1971.02    1427.300
1971.03    1435.900
1971.04    1446.200
1971.05    1458.100
1971.06    1471.000
1971.07    1483.100
1971.08    1496.600
1971.09    1509.400
1971.10    1519.100
1971.11    1529.500
1971.12    1546.200
1972.01    1558.400
1972.02    1563.500
1972.03    1576.000
1972.04    1589.800
1972.05    1601.800
1972.06    1614.600
1972.07    1625.900
1972.08    1636.700
1972.09    1649.600
1972.10    1664.000
1972.11    1680.200
1972.12    1701.600
1973.01    1718.300
1973.02    1732.900
1973.03    1752.100
1973.04    1769.400
1973.05    1784.400
1973.06    1799.100
1973.07    1814.600
1973.08    1828.700
1973.09    1842.400
1973.10    1857.600
1973.11    1873.100
1973.12    1889.000
1974.01    1901.100
1974.02    1909.100
1974.03    1921.700
1974.04    1939.400
1974.05    1958.600
1974.06    1974.000
1974.07    1988.100
1974.08    2003.300
1974.09    2017.400
1974.10    2031.100
1974.11    2046.100
1974.12    2062.600
1975.01    2073.100
1975.02    2078.600
1975.03    2089.900
1975.04    2107.600
1975.05    2127.000
1975.06    2142.200
1975.07    2155.500
1975.08    2170.600
1975.09    2187.700
1975.10    2209.500
1975.11    2229.800
1975.12    2250.500
1976.01    2268.300
1976.02    2282.900
1976.03    2301.900
1976.04    2321.800
1976.05    2341.600
1976.06    2363.900
1976.07    2385.400
1976.08    2406.400
1976.09    2428.700
1976.10    2450.100
1976.11    2472.300
1976.12    2496.900
1977.01    2515.900
1977.02    2533.900
1977.03    2558.800
1977.04    2585.400
1977.05    2608.900
1977.06    2632.000
1977.07    2657.400
1977.08    2683.900
1977.09    2715.000
1977.10    2745.300
1977.11    2776.300
1977.12    2809.900
1978.01    2837.200
1978.02    2858.700
1978.03    2887.100
1978.04    2919.200
1978.05    2948.300
1978.06    2981.800
1978.07    3013.500
1978.08    3044.500
1978.09    3078.500
1978.10    3111.000
1978.11    3145.700
1978.12    3180.500
1979.01    3208.800
1979.02    3229.200
1979.03    3255.700
1979.04    3289.500
1979.05    3321.100
1979.06    3351.800
1979.07    3384.200
1979.08    3416.800
1979.09    3451.100
1979.10    3485.100
1979.11    3514.700
1979.12    3546.800
1980.01    3577.700
1980.02    3602.400
1980.03    3629.400
1980.04    3657.100
1980.05    3676.800
1980.06    3691.100
1980.07    3711.200
1980.08    3741.300
1980.09    3773.800
1980.10    3804.300
1980.11    3835.900
1980.12    3874.500
1981.01    3906.500
1981.02    3930.800
1981.03    3961.700
1981.04    3989.900
1981.05    4017.900
1981.06    4052.200
1981.07    4083.600
1981.08    4113.100
1981.09    4150.200
1981.10    4197.100
1981.11    4239.200
1981.12    4274.700
1982.01    4308.800
1982.02    4335.100
1982.03    4361.700
1982.04    4390.700
1982.05    4420.900
1982.06    4451.600
1982.07    4482.900
1982.08    4521.000
1982.09    4566.200
1982.10    4603.900
1982.11    4639.100
1982.12    4686.200
1983.01    4723.100
1983.02    4744.100
1983.03    4781.800
1983.04    4826.300
1983.05    4867.000
1983.06    4924.700
1983.07    4980.400
1983.08    5026.100
1983.09    5079.900
1983.10    5137.200
1983.11    5195.200
1983.12    5249.500
1984.01    5309.400
1984.02    5365.000
1984.03    5406.000
1984.04    5460.800
1984.05    5526.000
1984.06    5591.900
1984.07    5658.000
1984.08    5723.800
1984.09    5785.500
1984.10    5852.100
1984.11    5925.200
1984.12    6002.500
1985.01    6068.300
1985.02    6119.100
1985.03    6179.700
1985.04    6249.300
1985.05    6318.700
1985.06    6387.600
1985.07    6457.700
1985.08    6525.600
1985.09    6591.400
1985.10    6660.400
1985.11    6757.400
1985.12    6901.800
1986.01    7006.100
1986.02    7044.900
1986.03    7088.300
1986.04    7150.300
1986.05    7226.000
1986.06    7304.400
1986.07    7376.600
1986.08    7455.100
1986.09    7533.200
1986.10    7595.100
1986.11    7668.500
1986.12    7776.700
1987.01    7846.600
1987.02    7878.000
1987.03    7941.700
1987.04    8014.300
1987.05    8082.600
1987.06    8152.800
1987.07    8208.700
1987.08    8268.500
1987.09    8334.900
1987.10    8397.900
1987.11    8469.200
1987.12    8539.600
1988.01    8586.300
1988.02    8630.900
1988.03    8698.200
1988.04    8761.500
1988.05    8819.200
1988.06    8883.000
1988.07    8946.100
1988.08    9013.700
1988.09    9089.500
1988.10    9159.900
1988.11    9235.300
1988.12    9310.000
1989.01    9357.300
1989.02    9396.500
1989.03    9455.100
1989.04    9517.400
1989.05    9582.600
1989.06    9646.600
1989.07    9695.900
1989.08    9755.900
1989.09    9824.000
1989.10    9894.500
1989.11    9975.000
1989.12    10043.20
1990.01    10092.30
1990.02    10128.80
1990.03    10182.10
1990.04    10236.60
1990.05    10289.20
1990.06    10357.20
1990.07    10415.00
1990.08    10479.10
1990.09    10530.00
1990.10    10570.00
1990.11    10635.90
1990.12    10690.80
1991.01    10717.70
1991.02    10752.20
1991.03    10784.90
1991.04    10806.40
1991.05    10858.70
1991.06    10912.90
1991.07    10946.00
1991.08    10983.50
1991.09    11024.60
1991.10    11073.70
1991.11    11128.30
1991.12    11175.50
1992.01    11214.00
1992.02    11244.90
1992.03    11287.50
1992.04    11334.20
1992.05    11378.50
1992.06    11429.60
1992.07    11474.00
1992.08    11526.40
1992.09    11575.50
1992.10    11604.50
1992.11    11655.50
1992.12    11719.50
1993.01    11738.90
1993.02    11752.00
1993.03    11800.00
1993.04    11851.40
1993.05    11902.40
1993.06    11974.90
1993.07    12031.20
1993.08    12083.80
1993.09    12145.80
1993.10    12184.20
1993.11    12251.40
1993.12    12336.00
1994.01    12378.40
1994.02    12407.70
1994.03    12459.10
1994.04    12499.10
1994.05    12544.30
1994.06    12604.50
1994.07    12636.60
1994.08    12691.80
1994.09    12753.80
1994.10    12804.00
1994.11    12884.80
1994.12    12947.20
1995.01    12984.90
1995.02    13037.60
1995.03    13102.10
1995.04    13135.90
1995.05    13174.60
