1959.01     643.700
1959.02     649.000
1959.03     650.700
1959.04     654.900
1959.05     661.500
1959.06     664.600
1959.07     669.200
1959.08     675.400
1959.09     678.100
1959.10     681.800
1959.11     685.500
1959.12     687.700
1960.01     691.700
1960.02     695.900
1960.03     697.600
1960.04     700.900
1960.05     706.200
1960.06     707.600
1960.07     709.800
1960.08     712.900
1960.09     714.500
1960.10     718.100
1960.11     721.300
1960.12     723.100
1961.01     726.200
1961.02     730.200
1961.03     731.900
1961.04     733.800
1961.05     738.100
1961.06     741.000
1961.07     745.400
1961.08     750.600
1961.09     753.500
1961.10     757.800
1961.11     762.300
1961.12     765.800
1962.01     769.900
1962.02     774.500
1962.03     778.600
1962.04     783.100
1962.05     788.400
1962.06     792.300
1962.07     795.800
1962.08     800.600
1962.09     804.100
1962.10     808.300
1962.11     814.200
1962.12     818.600
1963.01     823.200
1963.02     828.600
1963.03     832.700
1963.04     837.400
1963.05     842.700
1963.06     846.700
1963.07     850.800
1963.08     854.600
1963.09     858.200
1963.10     863.300
1963.11     868.600
1963.12     873.500
1964.01     878.400
1964.02     884.400
1964.03     889.300
1964.04     893.600
1964.05     899.800
1964.06     904.700
1964.07     908.300
1964.08     913.400
1964.09     919.500
1964.10     925.400
1964.11     931.100
1964.12     937.000
1965.01     943.400
1965.02     950.400
1965.03     955.700
1965.04     961.200
1965.05     967.400
1965.06     971.400
1965.07     975.300
1965.08     980.500
1965.09     985.300
1965.10     991.500
1965.11     998.300
1965.12    1003.800
1966.01    1011.000
1966.02    1018.500
1966.03    1024.200
1966.04    1030.400
1966.05    1037.400
1966.06    1042.200
1966.07    1046.100
1966.08    1051.600
1966.09    1056.300
1966.10    1061.600
1966.11    1067.200
1966.12    1071.200
1967.01    1076.100
1967.02    1081.600
1967.03    1087.200
1967.04    1092.300
1967.05    1096.400
1967.06    1099.400
1967.07    1105.200
1967.08    1113.700
1967.09    1120.000
1967.10    1128.100
1967.11    1137.900
1967.12    1145.400
1968.01    1153.400
1968.02    1162.600
1968.03    1169.100
1968.04    1174.300
1968.05    1182.200
1968.06    1188.900
1968.07    1196.100
1968.08    1205.900
1968.09    1213.200
1968.10    1221.900
1968.11    1230.200
1968.12    1236.800
1969.01    1244.500
1969.02    1251.900
1969.03    1259.700
1969.04    1268.000
1969.05    1275.300
1969.06    1279.500
1969.07    1285.200
1969.08    1294.500
1969.09    1302.800
1969.10    1311.600
1969.11    1320.500
1969.12    1326.900
1970.01    1332.500
1970.02    1339.200
1970.03    1347.100
1970.04    1352.300
1970.05    1358.600
1970.06    1368.300
1970.07    1379.000
1970.08    1389.800
1970.09    1396.500
1970.10    1401.800
1970.11    1408.000
1970.12    1416.000
1971.01    1424.900
1971.02    1434.200
1971.03    1445.200
1971.04    1456.200
1971.05    1468.900
1971.06    1481.300
1971.07    1493.500
1971.08    1508.800
1971.09    1520.500
1971.10    1528.700
1971.11    1537.600
1971.12    1549.500
1972.01    1562.200
1972.02    1572.300
1972.03    1586.100
1972.04    1599.600
1972.05    1611.400
1972.06    1623.300
1972.07    1634.900
1972.08    1647.900
1972.09    1660.400
1972.10    1673.500
1972.11    1687.800
1972.12    1704.400
1973.01    1720.300
1973.02    1740.400
1973.03    1762.800
1973.04    1779.900
1973.05    1794.300
1973.06    1807.900
1973.07    1823.500
1973.08    1839.600
1973.09    1853.400
1973.10    1866.600
1973.11    1879.300
1973.12    1891.100
1974.01    1904.000
1974.02    1918.200
1974.03    1933.500
1974.04    1950.500
1974.05    1969.300
1974.06    1983.700
1974.07    1997.700
1974.08    2014.400
1974.09    2028.500
1974.10    2039.900
1974.11    2052.300
1974.12    2064.900
1975.01    2076.500
1975.02    2089.000
1975.03    2103.100
1975.04    2120.000
1975.05    2139.200
1975.06    2153.500
1975.07    2166.300
1975.08    2182.700
1975.09    2199.200
1975.10    2218.600
1975.11    2236.200
1975.12    2252.900
1976.01    2272.000
1976.02    2293.300
1976.03    2315.800
1976.04    2335.800
1976.05    2355.600
1976.06    2377.100
1976.07    2398.000
1976.08    2419.800
1976.09    2440.800
1976.10    2458.800
1976.11    2477.300
1976.12    2498.400
1977.01    2519.300
1977.02    2544.400
1977.03    2574.000
1977.04    2601.700
1977.05    2625.000
1977.06    2646.700
1977.07    2670.900
1977.08    2697.600
1977.09    2726.900
1977.10    2753.500
1977.11    2781.000
1977.12    2811.400
1978.01    2840.900
1978.02    2869.300
1978.03    2902.200
1978.04    2936.000
1978.05    2965.200
1978.06    2997.200
1978.07    3027.500
1978.08    3058.500
1978.09    3090.300
1978.10    3119.600
1978.11    3152.200
1978.12    3183.400
1979.01    3212.200
1979.02    3238.900
1979.03    3270.100
1979.04    3305.900
1979.05    3337.600
1979.06    3366.500
1979.07    3397.600
1979.08    3431.000
1979.09    3463.600
1979.10    3494.600
1979.11    3523.000
1979.12    3550.800
1980.01    3579.700
1980.02    3607.000
1980.03    3636.600
1980.04    3668.300
1980.05    3695.100
1980.06    3713.500
1980.07    3732.800
1980.08    3760.800
1980.09    3787.000
1980.10    3812.300
1980.11    3843.200
1980.12    3878.500
1981.01    3908.600
1981.02    3936.100
1981.03    3970.100
1981.04    4002.300
1981.05    4036.300
1981.06    4074.000
1981.07    4105.200
1981.08    4133.000
1981.09    4164.300
1981.10    4206.100
1981.11    4247.700
1981.12    4279.300
1982.01    4312.800
1982.02    4347.500
1982.03    4380.900
1982.04    4413.400
1982.05    4445.900
1982.06    4476.400
1982.07    4507.200
1982.08    4546.500
1982.09    4588.600
1982.10    4621.000
1982.11    4652.800
1982.12    4692.200
1983.01    4729.000
1983.02    4762.700
1983.03    4812.100
1983.04    4862.200
1983.05    4903.300
1983.06    4959.200
1983.07    5016.100
1983.08    5066.000
1983.09    5116.900
1983.10    5163.500
1983.11    5200.100
1983.12    5244.300
1984.01    5307.700
1984.02    5378.300
1984.03    5444.200
1984.04    5507.800
1984.05    5571.000
1984.06    5632.800
1984.07    5703.100
1984.08    5770.200
1984.09    5827.800
1984.10    5894.700
1984.11    5955.400
1984.12    6011.400
1985.01    6080.000
1985.02    6150.200
1985.03    6222.100
1985.04    6294.000
1985.05    6359.500
1985.06    6425.600
1985.07    6500.700
1985.08    6570.700
1985.09    6633.400
1985.10    6696.600
1985.11    6772.700
1985.12    6902.100
1986.01    7017.200
1986.02    7078.200
1986.03    7133.200
1986.04    7197.000
1986.05    7270.300
1986.06    7342.300
1986.07    7416.100
1986.08    7490.800
1986.09    7568.300
1986.10    7633.600
1986.11    7694.300
1986.12    7785.200
1987.01    7858.700
1987.02    7910.200
1987.03    7983.600
1987.04    8060.100
1987.05    8128.800
1987.06    8191.800
1987.07    8248.100
1987.08    8310.000
1987.09    8373.900
1987.10    8436.300
1987.11    8492.400
1987.12    8544.600
1988.01    8597.800
1988.02    8661.300
1988.03    8737.600
1988.04    8803.500
1988.05    8858.700
1988.06    8916.800
1988.07    8985.300
1988.08    9056.600
1988.09    9128.400
1988.10    9196.000
1988.11    9257.000
1988.12    9315.000
1989.01    9397.800
1989.02    9456.500
1989.03    9493.800
1989.04    9553.700
1989.05    9609.600
1989.06    9671.600
1989.07    9733.900
1989.08    9794.600
1989.09    9858.400
1989.10    9935.800
1989.11    10000.00
1989.12    10045.50
1990.01    10093.40
1990.02    10145.10
1990.03    10215.80
1990.04    10286.60
1990.05    10352.00
1990.06    10403.40
1990.07    10448.20
1990.08    10508.60
1990.09    10559.20
1990.10    10602.50
1990.11    10653.30
1990.12    10693.80
1991.01    10744.70
1991.02    10803.70
1991.03    10828.10
1991.04    10846.70
1991.05    10897.50
1991.06    10945.40
1991.07    10986.70
1991.08    11023.70
1991.09    11057.30
1991.10    11105.80
1991.11    11145.20
1991.12    11178.20
1992.01    11225.60
1992.02    11273.10
1992.03    11323.50
1992.04    11374.00
1992.05    11413.70
1992.06    11459.60
1992.07    11505.30
1992.08    11557.70
1992.09    11609.50
1992.10    11635.60
1992.11    11665.20
1992.12    11716.70
1993.01    11754.60
1993.02    11790.30
1993.03    11842.10
1993.04    11904.60
1993.05    11965.00
1993.06    12019.70
1993.07    12074.70
1993.08    12133.10
1993.09    12186.60
1993.10    12222.60
1993.11    12278.40
1993.12    12343.80
1994.01    12385.90
1994.02    12434.60
1994.03    12498.60
1994.04    12556.00
1994.05    12612.10
1994.06    12651.60
1994.07    12677.00
1994.08    12740.10
1994.09    12797.50
1994.10    12844.50
1994.11    12913.60
1994.12    12955.50
1995.01    13010.00
1995.02    13090.30
1995.03    13149.90
1995.04    13202.20
1995.05    13261.30
