1959.01     110.000
1959.02     110.500
1959.03     110.800
1959.04     110.700
1959.05     111.600
1959.06     111.900
1959.07     112.500
1959.08     112.700
1959.09     111.800
1959.10     111.300
1959.11     111.300
1959.12     110.800
1960.01     110.900
1960.02     110.700
1960.03     110.600
1960.04     110.400
1960.05     110.500
1960.06     110.500
1960.07     111.100
1960.08     112.200
1960.09     112.100
1960.10     111.800
1960.11     111.700
1960.12     111.600
1961.01     112.000
1961.02     112.500
1961.03     112.800
1961.04     113.100
1961.05     113.600
1961.06     113.800
1961.07     113.800
1961.08     114.200
1961.09     114.400
1961.10     114.600
1961.11     115.200
1961.12     115.500
1962.01     115.400
1962.02     115.800
1962.03     116.000
1962.04     116.300
1962.05     116.700
1962.06     116.400
1962.07     116.100
1962.08     116.200
1962.09     115.900
1962.10     116.200
1962.11     116.700
1962.12     117.100
1963.01     117.400
1963.02     117.800
1963.03     118.000
1963.04     118.300
1963.05     118.900
1963.06     118.700
1963.07     119.500
1963.08     119.800
1963.09     119.800
1963.10     120.300
1963.11     121.100
1963.12     120.600
1964.01     121.000
1964.02     121.400
1964.03     121.400
1964.04     121.500
1964.05     121.900
1964.06     121.900
1964.07     123.000
1964.08     123.900
1964.09     124.600
1964.10     125.100
1964.11     125.600
1964.12     125.800
1965.01     126.100
1965.02     126.100
1965.03     126.600
1965.04     127.000
1965.05     126.600
1965.06     126.900
1965.07     127.600
1965.08     128.000
1965.09     128.900
1965.10     129.800
1965.11     130.300
1965.12     131.300
1966.01     132.200
1966.02     132.600
1966.03     133.300
1966.04     134.400
1966.05     133.700
1966.06     133.900
1966.07     132.400
1966.08     132.700
1966.09     133.800
1966.10     132.900
1966.11     132.900
1966.12     133.400
1967.01     133.000
1967.02     133.900
1967.03     135.600
1967.04     134.900
1967.05     136.200
1967.06     137.400
1967.07     138.400
1967.08     139.800
1967.09     140.600
1967.10     141.300
1967.11     142.000
1967.12     142.500
1968.01     143.100
1968.02     143.600
1968.03     144.200
1968.04     144.900
1968.05     146.200
1968.06     147.300
1968.07     148.100
1968.08     149.200
1968.09     149.700
1968.10     150.900
1968.11     152.500
1968.12     153.600
1969.01     154.700
1969.02     155.100
1969.03     155.500
1969.04     156.100
1969.05     156.000
1969.06     156.200
1969.07     156.300
1969.08     156.200
1969.09     156.300
1969.10     156.800
1969.11     157.200
1969.12     157.300
1970.01     159.400
1970.02     158.000
1970.03     158.500
1970.04     159.300
1970.05     159.400
1970.06     159.500
1970.07     159.700
1970.08     161.300
1970.09     163.000
1970.10     163.800
1970.11     164.300
1970.12     164.800
1971.01     165.600
1971.02     167.100
1971.03     168.200
1971.04     169.100
1971.05     170.900
1971.06     171.900
1971.07     172.800
1971.08     173.200
1971.09     173.800
1971.10     174.300
1971.11     174.700
1971.12     175.100
1972.01     176.600
1972.02     178.400
1972.03     180.100
1972.04     181.200
1972.05     181.200
1972.06     181.700
1972.07     183.400
1972.08     185.300
1972.09     187.000
1972.10     188.400
1972.11     189.300
1972.12     191.600
1973.01     193.400
1973.02     193.800
1973.03     192.900
1973.04     193.400
1973.05     195.200
1973.06     196.600
1973.07     197.100
1973.08     197.000
1973.09     196.700
1973.10     197.500
1973.11     199.000
1973.12     200.300
1974.01     200.700
1974.02     201.600
1974.03     202.500
1974.04     202.400
1974.05     202.300
1974.06     202.800
1974.07     203.400
1974.08     203.400
1974.09     203.900
1974.10     204.400
1974.11     205.100
1974.12     205.100
1975.01     204.200
1975.02     204.600
1975.03     205.800
1975.04     205.200
1975.05     207.100
1975.06     209.800
1975.07     210.000
1975.08     210.900
1975.09     211.500
1975.10     210.500
1975.11     212.400
1975.12     211.600
1976.01     212.100
1976.02     213.700
1976.03     214.100
1976.04     215.100
1976.05     216.100
1976.06     215.200
1976.07     215.700
1976.08     216.900
1976.09     216.700
1976.10     219.300
1976.11     219.400
1976.12     221.500
1977.01     223.400
1977.02     225.000
1977.03     226.400
1977.04     228.100
1977.05     228.100
1977.06     228.900
1977.07     230.200
1977.08     231.200
1977.09     232.500
1977.10     234.600
1977.11     235.500
1977.12     236.600
1978.01     239.500
1978.02     239.200
1978.03     239.900
1978.04     242.500
1978.05     244.800
1978.06     246.100
1978.07     247.400
1978.08     248.300
1978.09     251.100
1978.10     251.200
1978.11     250.700
1978.12     250.400
1979.01     248.600
1979.02     248.100
1979.03     248.900
1979.04     252.200
1979.05     250.900
1979.06     253.900
1979.07     256.200
1979.08     256.800
1979.09     257.800
1979.10     257.600
1979.11     257.400
1979.12     257.300
1980.01     259.000
1980.02     261.300
1980.03     259.600
1980.04     253.000
1980.05     251.500
1980.06     254.500
1980.07     256.600
1980.08     261.400
1980.09     264.700
1980.10     267.100
1980.11     266.200
1980.12     261.100
1981.01     248.400
1981.02     240.800
1981.03     238.700
1981.04     238.900
1981.05     235.500
1981.06     233.300
1981.07     232.800
1981.08     232.900
1981.09     231.300
1981.10     231.400
1981.11     230.900
1981.12     231.100
1982.01     234.400
1982.02     230.600
1982.03     229.300
1982.04     229.300
1982.05     228.200
1982.06     226.900
1982.07     226.300
1982.08     227.500
1982.09     229.400
1982.10     232.300
1982.11     233.700
1982.12     233.800
1983.01     234.200
1983.02     233.600
1983.03     234.700
1983.04     234.600
1983.05     236.300
1983.06     236.900
1983.07     238.800
1983.08     238.800
1983.09     238.700
1983.10     239.800
1983.11     238.700
1983.12     238.200
1984.01     240.300
1984.02     240.300
1984.03     240.600
1984.04     241.700
1984.05     241.100
1984.06     242.600
1984.07     242.100
1984.08     241.100
1984.09     242.300
1984.10     240.900
1984.11     242.100
1984.12     243.700
1985.01     244.600
1985.02     247.500
1985.03     247.900
1985.04     248.300
1985.05     250.400
1985.06     253.800
1985.07     255.300
1985.08     257.600
1985.09     261.500
1985.10     261.200
1985.11     262.300
1985.12     266.600
1986.01     264.900
1986.02     266.000
1986.03     270.300
1986.04     272.800
1986.05     276.900
1986.06     280.000
1986.07     283.000
1986.08     285.700
1986.09     287.300
1986.10     287.700
1986.11     292.200
1986.12     302.100
1987.01     299.300
1987.02     296.200
1987.03     294.900
1987.04     298.900
1987.05     299.200
1987.06     293.800
1987.07     291.900
1987.08     291.600
1987.09     290.200
1987.10     295.400
1987.11     291.300
1987.12     286.800
1988.01     289.900
1988.02     287.400
1988.03     287.300
1988.04     289.600
1988.05     288.200
1988.06     290.800
1988.07     290.400
1988.08     289.800
1988.09     288.600
1988.10     288.000
1988.11     286.800
1988.12     286.800
1989.01     285.000
1989.02     283.400
1989.03     282.500
1989.04     280.400
1989.05     278.800
1989.06     276.700
1989.07     279.600
1989.08     277.900
1989.09     277.400
1989.10     279.300
1989.11     277.800
1989.12     279.300
1990.01     278.100
1990.02     278.100
1990.03     277.500
1990.04     277.300
1990.05     274.200
1990.06     275.700
1990.07     275.600
1990.08     277.800
1990.09     279.300
1990.10     276.600
1990.11     276.300
1990.12     277.400
1991.01     273.500
1991.02     274.500
1991.03     275.600
1991.04     275.400
1991.05     277.200
1991.06     281.300
1991.07     280.000
1991.08     280.300
1991.09     279.600
1991.10     281.900
1991.11     285.900
1991.12     289.500
1992.01     295.900
1992.02     303.200
1992.03     308.700
1992.04     311.600
1992.05     314.100
1992.06     313.100
1992.07     317.100
1992.08     321.600
1992.09     327.200
1992.10     333.600
1992.11     337.000
1992.12     338.900
1993.01     340.900
1993.02     341.600
1993.03     343.300
1993.04     348.400
1993.05     358.700
1993.06     362.200
1993.07     365.400
1993.08     370.400
1993.09     374.400
1993.10     377.600
1993.11     382.200
1993.12     383.900
1994.01     386.900
1994.02     388.600
1994.03     388.600
1994.04     388.100
1994.05     385.600
1994.06     386.300
1994.07     388.000
1994.08     386.600
1994.09     386.500
1994.10     384.400
1994.11     382.300
1994.12     382.000
1995.01     383.400
1995.02     384.000
1995.03     383.200
1995.04     381.200
1995.05     380.600
1995.06     386.800
