030380      13.530
030480      13.610
030580      13.680
030680      13.800
030780      13.640
031080      13.370
031180      13.030
031280      13.270
031380      13.200
031480      13.210
031780      13.220
031880      13.010
031980      13.000
032080      13.320
032180      13.510
032480      14.030
032580      14.000
032680      13.870
032780      13.750
032880      13.500
033180      13.310
040180      13.390
040280      13.270
040380      13.190
040780      12.700
040880      12.640
040980      12.590
041080      12.610
041180      12.300
041480      12.150
041580      12.020
041680      11.430
041780      11.520
041880      11.240
042180      11.100
042280      10.970
042380      11.030
042480      11.150
042580      11.140
042880      10.730
042980      10.730
043080      10.820
050180      10.720
050280      10.170
050580      10.080
050680       9.710
050780       9.850
050880       9.970
050980      10.080
051280       9.990
051380       9.790
051480       9.840
051580       9.970
051680      10.090
051980      10.200
052080       9.890
052180       9.850
052280       9.890
052380       9.610
052780       9.630
052880       9.780
052980       9.880
053080       9.870
060280       9.970
060380       9.660
060480       9.550
060580       9.460
060680       9.250
060980       9.170
061080       9.270
061180       9.170
061280       8.930
061380       8.860
061680       8.870
061780       8.860
061880       8.960
061980       8.960
062080       8.860
062380       9.020
062480       9.130
062580       9.230
062680       9.330
062780       9.450
063080       9.480
070180       9.550
070280       9.490
070380       9.360
070780       9.490
070880       9.370
070980       9.410
071080       9.470
071180       9.560
071480       9.560
071580       9.450
071680       9.340
071780       9.430
071880       9.420
072180       9.380
072280       9.410
072380       9.400
072480       9.510
072580       9.590
072880       9.770
072980       9.770
073080       9.810
073180      10.090
080180      10.160
080480      10.040
080580      10.060
080680      10.190
080780      10.100
080880      10.220
081180      10.470
081280      10.480
081380      10.460
081480      10.480
081580      10.480
081880      10.990
081980      11.110
082080      11.290
082180      11.390
082280      11.260
082580      11.550
082680      11.550
082780      11.760
082880      11.920
082980      11.660
090280      11.450
090380      11.130
090480      11.150
090580      11.190
090880      11.300
090980      11.270
091080      11.190
091180      11.370
091280      11.410
091580      11.750
091680      11.630
091780      11.730
091880      11.750
091980      11.530
092280      11.920
092380      11.970
092480      11.960
092580      12.040
092680      12.170
092980      12.190
093080      11.880
100180      11.770
100280      11.830
100380      11.350
100680      11.350
100780      11.400
100880      11.550
100980      11.450
101080      11.550
101480      11.500
101580      11.440
101680      11.550
101780      11.690
102080      11.720
102180      11.810
102280      12.070
102380      11.950
102480      11.890
102780      12.320
102880      12.560
102980      12.750
103080      12.710
103180      12.740
110380      12.740
110580      12.950
110680      13.190
110780      12.870
111080      12.880
111280      12.390
111380      12.380
111480      12.700
111780      12.950
111880      12.670
111980      12.600
112080      12.680
112180      12.970
112480      13.000
112580      13.070
112680      13.010
112880      13.140
120180      13.350
120280      13.370
120380      13.420
120480      13.430
120580      13.450
120880      13.510
120980      13.610
121080      13.630
121180      14.040
121280      13.630
121580      13.750
121680      14.040
121780      13.870
121880      13.790
121980      13.020
122280      12.340
122380      12.500
122480      12.610
122680      12.530
122980      12.410
123080      12.550
123180      12.590
010281      12.610
010581      12.290
010681      12.210
010781      12.610
010881      12.680
010981      12.880
011281      12.710
011381      12.680
011481      12.610
011581      12.770
011681      12.660
011981      12.920
012081      12.770
012181      13.080
012281      13.160
012381      13.100
012681      12.890
012781      12.920
012881      12.940
012981      12.890
013081      12.800
020281      13.020
020381      13.200
020481      13.090
020581      13.100
020681      13.230
020981      13.350
021081      13.500
021181      13.660
021381      13.840
021781      13.460
021881      13.450
021981      13.250
022081      13.100
022381      13.490
022481      13.510
022581      13.610
022681      13.800
022781      13.760
030281      13.920
030381      13.780
030481      13.820
030581      13.780
030681      13.490
030981      13.390
031081      13.370
031181      13.400
031281      13.330
031381      13.180
031681      13.150
031781      12.970
031881      12.800
031981      12.950
032081      13.010
032381      13.380
032481      13.570
032581      13.510
032681      13.630
032781      13.680
033081      13.480
033181      13.390
040181      13.360
040281      13.460
040381      13.620
040681      14.010
040781      13.740
040881      13.850
040981      13.770
041081      13.840
041381      14.010
041481      13.890
041581      14.050
041681      14.050
042081      14.100
042181      14.070
042281      14.130
042381      14.180
042481      14.240
042781      14.310
042881      14.280
042981      14.370
043081      14.450
050181      14.370
050481      14.830
050581      15.350
050681      15.020
050781      14.830
050881      14.660
051181      14.870
051281      15.060
051381      15.050
051481      14.840
051581      14.590
051881      14.220
051981      14.500
052081      14.710
052181      14.770
052281      14.390
052681      14.130
052781      14.240
052881      13.990
052981      13.990
060181      13.990
060281      14.070
060381      14.050
060481      14.100
060581      14.100
060881      13.780
060981      13.870
061081      13.780
061181      13.840
061281      13.870
061581      13.570
061681      13.580
061781      13.710
061881      14.100
061981      14.070
062281      13.960
062381      14.000
062481      14.100
062581      14.080
062681      14.090
062981      14.010
063081      14.250
070181      14.470
070281      14.380
070681      14.270
070781      14.490
070881      14.570
070981      14.600
071081      14.450
071381      14.410
071481      14.550
071581      14.550
071681      14.590
071781      14.530
072081      15.250
072181      15.230
072281      15.240
072381      15.170
072481      14.960
072781      14.870
072881      15.040
072981      15.210
073081      15.310
073181      15.240
080381      15.620
080481      15.600
080581      15.400
080681      15.310
080781      15.340
081081      15.080
081181      14.870
081281      15.120
081381      15.260
081481      15.340
081781      15.390
081881      15.450
081981      15.480
082081      15.630
082181      15.620
082481      16.000
082581      16.070
082681      15.990
082781      16.150
082881      16.010
083181      16.110
090181      16.120
090281      16.090
090381      16.140
090481      16.170
090881      16.230
090981      16.220
091081      16.010
091181      15.810
091481      15.930
091581      15.710
091681      15.750
091781      15.550
091881      15.550
092181      15.310
092281      15.610
092381      15.790
092481      15.830
092581      16.130
092881      16.130
092981      16.180
093081      16.270
100181      16.130
100281      15.830
100581      15.550
100681      15.530
100781      15.430
100881      15.410
100981      15.030
101381      15.120
101481      15.130
101581      15.120
101681      15.200
101981      15.290
102081      15.370
102181      15.550
102281      15.570
102381      15.460
102681      15.680
102781      15.620
102881      15.540
102981      15.200
103081      14.780
110281      14.610
110481      14.320
110581      14.430
110681      14.070
110981      13.540
111081      13.630
111281      13.230
111381      13.310
111681      13.210
111781      13.210
111881      13.110
111981      13.040
112081      13.010
112381      13.310
112481      12.750
112581      12.610
112781      12.580
113081      12.790
120181      13.110
120281      13.250
120381      13.210
120481      12.800
120781      13.220
120881      13.230
120981      13.400
121081      13.770
121181      13.730
121481      13.550
121581      13.350
121681      13.360
121781      13.550
121881      13.400
122181      13.870
122281      14.030
122381      14.200
122481      14.030
122881      14.010
122981      14.110
123081      14.060
123181      13.970
010482      14.150
010582      14.410
010682      14.600
010782      14.660
010882      14.470
011182      14.830
011282      14.700
011382      14.860
011482      14.690
011582      14.860
011882      14.770
011982      14.790
012082      14.900
012182      14.750
012282      14.850
012582      14.800
012682      14.630
012782      14.620
012882      14.330
012982      14.240
020182      14.790
020282      14.610
020382      14.730
020482      14.820
020582      14.720
020882      14.940
020982      15.020
021082      14.890
021182      14.800
021682      14.680
021782      14.730
021882      14.450
021982      14.440
022282      13.970
022382      14.030
022482      13.980
022582      14.010
022682      14.120
030182      13.970
030282      13.870
030382      13.770
030482      13.610
030582      13.570
030882      13.570
030982      13.720
031082      13.750
031182      14.030
031282      14.040
031582      14.110
031682      14.040
031782      14.000
031882      14.010
031982      14.060
032282      13.910
032382      13.890
032482      14.100
032582      14.090
032682      14.180
032982      14.390
033082      14.410
033182      14.390
040182      14.260
040282      14.260
040582      14.280
040682      14.300
040782      14.300
040882      14.110
041282      14.010
041382      13.990
041482      14.120
041582      14.050
041682      13.830
041982      13.830
042082      13.890
042182      13.810
042282      13.870
042382      13.840
042682      13.810
042782      13.800
042882      13.870
042982      13.950
043082      13.900
050382      14.020
050482      14.020
050582      13.950
050682      13.710
050782      13.640
051082      13.590
051182      13.640
051282      13.750
051382      13.840
051482      13.640
051782      13.710
051882      13.760
051982      13.810
052082      13.640
052182      13.660
052482      13.680
052582      13.730
052682      13.740
052782      13.790
052882      13.760
060182      13.980
060282      13.960
060382      13.940
060482      14.030
060782      14.000
060882      14.040
060982      14.060
061082      14.080
061182      14.000
061482      14.310
061582      14.310
061682      14.390
061782      14.610
061882      14.800
062182      14.850
062282      14.840
062382      14.950
062482      14.940
062582      14.930
062882      14.910
062982      14.800
063082      14.650
070182      14.620
070282      14.690
070682      14.690
070782      14.690
070882      14.330
070982      14.190
071282      14.010
071382      14.190
071482      14.270
071582      14.160
071682      13.860
071982      13.800
072082      13.650
072182      13.700
072282      13.550
072382      13.580
072682      13.920
072782      13.890
072882      14.000
072982      13.890
073082      13.730
080282      13.460
080382      13.520
080482      13.600
080582      13.680
080682      13.860
080982      13.720
081082      13.740
081182      13.740
081282      13.500
081382      13.240
081682      13.000
081782      12.610
081882      12.450
081982      12.420
082082      12.150
082382      12.390
082482      12.290
082582      12.260
082682      12.320
082782      12.650
083082      12.710
083182      12.650
090182      12.580
090282      12.520
090382      12.260
090782      12.360
090882      12.400
090982      12.410
091082      12.560
091382      12.520
091482      12.380
091582      12.560
091682      12.520
091782      12.390
092082      12.430
092182      12.130
092282      12.040
092382      11.920
092482      12.050
092782      11.950
092882      11.780
092982      11.760
093082      11.690
100182      11.500
100482      11.730
100582      11.700
100682      11.520
100782      10.810
100882      10.710
101282      10.400
101382      10.280
101482      10.520
101582      10.640
101882      10.420
101982      10.380
102082      10.520
102182      10.540
102282      10.660
102582      10.970
102682      10.740
102782      10.760
102882      10.610
102982      10.580
110182      10.410
110382      10.300
110482      10.280
110582      10.360
110882      10.460
110982      10.410
111082      10.370
111282      10.500
111582      10.600
111682      10.630
111782      10.550
111882      10.420
111982      10.360
112282      10.250
112382      10.190
112482      10.200
112682      10.190
112982      10.390
113082      10.370
120182      10.340
120282      10.290
120382      10.160
120682      10.170
120782      10.210
120882      10.250
120982      10.300
121082      10.370
121382      10.340
121482      10.130
121582      10.150
121682      10.240
121782      10.280
122082      10.310
122182      10.210
122282      10.220
122382      10.150
122782      10.150
122882      10.150
122982      10.190
123082      10.190
123182      10.090
010383      10.020
010483      10.070
010583      10.060
010683      10.050
010783       9.980
011083       9.960
011183       9.920
011283       9.920
011383       9.810
011483       9.780
011783       9.780
011883       9.790
011983       9.890
012083       9.940
012183      10.180
012483      10.260
012583      10.180
012683      10.230
012783      10.200
012883      10.210
013183      10.310
020183      10.340
020283      10.370
020383      10.390
020483      10.510
020783      10.490
020883      10.500
020983      10.580
021083      10.380
021183      10.310
021483      10.370
021583      10.370
021683      10.290
021783      10.240
021883      10.130
022283      10.010
022383      10.000
022483       9.960
022583       9.820
022883       9.830
030183       9.740
030283       9.760
030383       9.720
030483       9.750
030783       9.920
030883      10.010
030983      10.020
031083      10.080
031183      10.120
031483      10.020
031583       9.990
031683      10.090
031783      10.140
031883      10.150
032183      10.200
032283      10.290
032383      10.230
032483      10.240
032583      10.320
032883      10.330
032983      10.280
033083      10.250
033183      10.270
040483      10.250
040583      10.110
040683      10.110
040783      10.090
040883      10.110
041183       9.990
041283      10.010
041383      10.010
041483       9.930
041583       9.980
041883       9.950
041983      10.040
042083      10.010
042183      10.070
042283      10.030
042583      10.010
042683      10.020
042783       9.920
042883       9.910
042983       9.880
050283       9.820
050383       9.810
050483       9.730
050583       9.760
050683       9.740
050983       9.860
051083       9.810
051183       9.820
051283       9.870
051383       9.860
051683      10.020
051783      10.030
051883      10.060
051983      10.170
052083      10.200
052383      10.270
052483      10.300
052583      10.290
052683      10.380
052783      10.370
053183      10.550
060183      10.480
060283      10.460
060383      10.530
060683      10.540
060783      10.610
060883      10.640
060983      10.630
061083      10.640
061383      10.500
061483      10.530
061583      10.480
061683      10.460
061783      10.470
062083      10.620
062183      10.640
062283      10.710
062383      10.760
062483      10.830
062783      10.920
062883      10.850
062983      10.760
063083      10.760
070183      10.720
070583      11.030
070683      10.980
070783      11.120
070883      11.160
071183      11.090
071283      11.240
071383      11.210
071483      11.210
071583      11.360
071883      11.300
071983      11.230
072083      11.140
072183      11.160
072283      11.260
072583      11.260
072683      11.330
072783      11.320
072883      11.470
072983      11.590
080183      11.630
080283      11.680
080383      11.680
080483      11.840
080583      11.850
080883      11.950
080983      11.880
081083      11.940
081183      11.870
081283      11.820
081583      11.580
081683      11.520
081783      11.410
081883      11.440
081983      11.500
082283      11.300
082383      11.370
082483      11.300
082583      11.350
082683      11.400
082983      11.630
083083      11.670
083183      11.790
090183      11.760
090283      11.810
090683      11.530
090783      11.620
090883      11.570
090983      11.530
091283      11.350
091383      11.380
091483      11.510
091583      11.610
091683      11.430
091983      11.420
092083      11.330
092183      11.400
092283      11.400
092383      11.290
092683      11.180
092783      11.210
092883      11.240
092983      11.260
093083      11.200
100383      11.220
100483      11.220
100583      11.110
100683      11.100
100783      11.120
101183      11.360
101283      11.350
101383      11.400
101483      11.310
101783      11.210
101883      11.200
101983      11.200
102083      11.220
102183      11.180
102483      11.390
102583      11.400
102683      11.400
102783      11.390
102883      11.390
103183      11.390
110183      11.380
110283      11.390
110383      11.410
110483      11.530
110783      11.560
110983      11.540
111083      11.400
111483      11.380
111583      11.400
111683      11.400
111783      11.440
111883      11.460
112183      11.380
112283      11.340
112383      11.370
112583      11.310
112883      11.410
112983      11.310
113083      11.360
120183      11.370
120283      11.470
120583      11.500
120683      11.460
120783      11.490
120883      11.570
120983      11.580
121283      11.540
121383      11.650
121483      11.680
121583      11.660
121683      11.590
121983      11.590
122083      11.560
122183      11.540
122283      11.510
122383      11.530
122783      11.500
122883      11.560
122983      11.520
123083      11.570
010384      11.590
010484      11.500
010584      11.470
010684      11.430
010984      11.470
011084      11.440
011184      11.460
011284      11.480
011384      11.260
011684      11.250
011784      11.280
011884      11.300
011984      11.290
012084      11.320
012384      11.310
012484      11.310
012584      11.310
012684      11.310
012784      11.310
013084      11.310
013184      11.340
020184      11.310
020284      11.280
020384      11.310
020684      11.400
020784      11.400
020884      11.410
020984      11.430
021084      11.520
021484      11.540
021584      11.500
021684      11.510
021784      11.630
022184      11.620
022284      11.610
022384      11.760
022484      11.690
022784      11.770
022884      11.800
022984      11.740
030184      11.770
030284      11.680
030584      11.760
030684      11.770
030784      11.870
030884      11.900
030984      11.950
031284      11.940
031384      11.970
031484      12.000
031584      11.990
031684      12.010
031984      12.110
032084      12.130
032184      12.170
032284      12.220
032384      12.230
032684      12.200
032784      12.210
032884      12.150
032984      12.160
033084      12.280
040284      12.290
040384      12.400
040484      12.440
040584      12.420
040684      12.240
040984      12.220
041084      12.260
041184      12.240
041284      12.160
041384      12.300
041684      12.350
041784      12.300
041884      12.400
041984      12.470
042384      12.490
042484      12.460
042584      12.450
042684      12.420
042784      12.550
043084      12.570
050184      12.570
050284      12.620
050384      12.640
050484      12.830
050784      12.900
050884      12.880
050984      12.970
051084      12.980
051184      13.200
051484      13.300
051584      13.230
051684      13.170
051784      13.270
051884      13.210
052184      13.180
052284      13.270
052384      13.300
052484      13.460
052584      13.520
052984      13.700
053084      13.840
053184      13.760
060184      13.460
060484      13.290
060584      13.240
060684      13.380
060784      13.430
060884      13.350
061184      13.570
061284      13.450
061384      13.370
061484      13.310
061584      13.120
061884      13.190
061984      13.300
062084      13.570
062184      13.670
062284      13.720
062584      13.700
062684      13.770
062784      13.700
062884      13.700
062984      13.720
070284      13.730
070384      13.670
070584      13.640
070684      13.650
070984      13.400
071084      13.460
071184      13.450
071284      13.390
071384      13.240
071684      13.240
071784      13.290
071884      13.220
071984      13.170
072084      13.240
072384      13.250
072484      13.240
072584      12.950
072684      12.800
072784      12.890
073084      13.000
073184      12.850
080184      12.740
080284      12.710
080384      12.550
080684      12.660
080784      12.640
080884      12.620
080984      12.590
081084      12.630
081384      12.710
081484      12.620
081584      12.680
081684      12.660
081784      12.670
082084      12.660
082184      12.640
082284      12.660
082384      12.680
082484       1.670
082784      12.800
082884      12.820
082984      12.780
083084      12.790
083184      12.770
090484      12.850
090584      12.920
090684      12.820
090784      12.750
091084      12.650
091184      12.590
091284      12.620
091384      12.470
091484      12.420
091784      12.420
091884      12.330
091984      12.260
092084      12.270
092184      12.440
092484      12.510
092584      12.530
092684      12.470
092784      12.310
092884      12.480
100184      12.510
100284      12.520
100384      12.490
100484      12.450
100584      12.350
100984      12.320
101084      12.320
101184      12.230
101284      12.170
101584      12.240
101684      12.250
101784      12.210
101884      11.980
101984      11.820
102284      11.820
102384      11.620
102484      11.550
102584      11.650
102684      11.830
102984      11.790
103084      11.630
103184      11.590
110184      11.450
110284      11.460
110584      11.400
110784      11.450
110884      11.550
110984      11.470
111384      11.550
111484      11.590
111584      11.520
111684      11.460
111984      11.410
112084      11.290
112184      11.140
112384      10.990
112684      11.050
112784      11.050
112884      11.030
112984      11.070
113084      11.250
120384      11.230
120484      11.160
120584      11.140
120684      11.230
120784      11.310
121084      11.260
121184      11.180
121284      11.140
121384      11.270
121484      11.080
121784      11.010
121884      10.830
121984      10.860
122084      10.890
122184      10.890
122484      10.850
122684      10.970
122784      10.980
122884      11.030
123184      11.080
010285      11.220
010385      11.130
010485      11.190
010785      11.090
010885      11.040
010985      11.030
011085      11.050
011185      11.140
011485      11.130
011585      11.010
011685      11.020
011785      10.990
011885      10.890
012285      10.790
012385      10.740
012485      10.610
012585      10.660
012885      10.700
012985      10.700
013085      10.680
013185      10.770
020185      10.930
020485      10.990
020585      10.930
020685      11.000
020785      11.040
020885      11.000
021185      11.050
021385      11.020
021485      10.930
021585      10.980
021985      10.950
022085      11.090
022185      11.290
022285      11.350
022585      11.400
022685      11.350
022785      11.510
022885      11.550
030185      11.520
030485      11.570
030585      11.490
030685      11.530
030785      11.610
030885      11.370
031185      11.380
031285      11.450
031385      11.590
031485      11.630
031585      11.630
031885      11.700
031985      11.670
032085      11.620
032185      11.480
032285      11.550
032585      11.530
032685      11.450
032785      11.490
032885      11.380
032985      11.290
040185      11.280
040285      11.330
040385      11.340
040485      11.350
040885      11.360
040985      11.280
041085      11.200
041185      11.050
041285      11.050
041585      11.020
041685      10.800
041785      10.860
041885      10.690
041985      10.690
042285      10.670
042385      10.790
042485      10.770
042585      10.870
042685      10.870
042985      10.960
043085      10.910
050185      10.810
050285      10.830
050385      10.740
050685     107.100
050785      10.680
050885      10.740
050985      10.680
051085      10.570
051385      10.560
051485      10.390
051585      10.390
051685      10.280
051785      10.320
052085      10.040
052185      10.070
052285      10.050
052385      10.110
052485      10.050
052885       9.950
052985       9.900
053085       9.840
053185       9.680
060385       9.500
060485       9.470
060585       9.260
060685       9.330
060785       9.670
061085       9.680
061185       9.630
061285       9.650
061385       9.670
061485       9.390
061785       9.450
061885       9.330
061985       9.460
062085       9.510
062185       9.750
062485       9.830
062585       9.950
062685       9.970
062785       9.830
062885       9.650
070185       9.580
070285       9.610
070385       9.620
070585       9.300
070885       9.410
070985       9.410
071085       9.450
071185       9.610
071285       9.630
071585       9.630
071685       9.590
071785       9.540
071885       9.710
071985       9.720
072285       9.870
072385       9.910
072485       9.920
072585       9.910
072685       9.960
072985      10.020
073085      10.020
073185       9.980
080185       9.950
080285      10.090
080585      10.060
080685      10.080
080785      10.010
080885       9.910
080985       9.860
081285       9.860
081385       9.920
081485       9.840
081585       9.830
081685       9.740
081985       9.740
082085       9.700
082185       9.630
082285       9.620
082385       9.670
082685       9.700
082785       9.650
082885       9.630
082985       9.580
083085       9.740
090385       9.710
090485       9.640
090585       9.710
090685       9.970
090985       9.970
091085       9.960
091185       9.980
091285       9.970
091385       9.870
091685       9.830
091785       9.850
091885       9.870
091985       9.890
092085       9.810
092385       9.740
092485       9.690
092585      99.590
092685       9.610
093085       9.730
100185       9.690
100285       9.690
100385       9.690
100485       9.730
100785       9.830
100885       9.810
100985       9.820
101085       9.820
101185       9.820
101585       9.790
101685       9.730
101785       9.670
101885       9.620
102185       9.630
102285       9.600
102385       9.620
102485       9.640
102585       9.670
102885       9.750
102985       9.610
103085       9.450
103185       9.470
110185       9.450
110485       9.440
110585       9.390
110685       9.380
110785       9.380
110885       9.300
111285       9.200
111385       9.280
111485       9.330
111585       9.390
111885       9.220
111985       9.200
112085       9.220
112185       9.170
112285       9.220
112585       9.230
112685       9.240
112785       9.120
112985       9.070
120285       9.140
120385       9.150
120485       9.100
120585       9.100
120685       9.120
120985       8.980
121085       8.830
121185       8.640
121285       8.720
121385       8.630
121685       8.620
121785       8.480
121885       8.570
121985       8.580
122085       8.520
122385       8.560
122485       8.560
122685       8.520
122785       8.500
123085       8.490
123185       8.490
010286       8.510
010386       8.520
010686       8.540
010786       8.440
010886       8.580
010986       8.780
011086       8.890
011386       9.000
011486       8.930
011586       8.820
011686       8.790
011786       8.740
012186       8.740
012286       8.770
012386       8.740
012486       8.740
012786       8.630
012886       8.530
012986       8.560
013086       8.570
013186       8.560
020386       8.500
020486       8.440
020586       8.510
020686       8.540
020786       8.620
021086       8.540
021186       8.470
021286       8.460
021386       8.430
021486       8.290
021886       8.280
021986       8.370
022086       8.390
022186       8.240
022486       8.200
022586       8.210
022686       8.070
022786       7.910
022886       7.910
030386       7.760
030486       7.550
030586       7.760
030686       7.680
030786       7.560
031086       7.410
031186       7.350
031286       7.370
031386       7.460
031486       7.400
031786       7.420
031886       7.480
031986       7.460
032086       7.450
032186       7.470
032486       7.400
032586       7.390
032686       7.360
032786       7.280
033186       7.190
040186       7.180
040286       7.210
040386       7.290
040486       7.220
040786       7.190
040886       7.070
040986       6.990
041086       6.950
041186       7.000
041486       6.890
041586       6.880
041686       6.680
041786       6.750
041886       6.780
042186       6.750
042286       6.930
042386       7.110
042486       7.310
042586       7.390
042886       7.270
042986       7.170
043086       7.170
050186       7.200
050286       7.230
050586       7.170
050686       7.160
050786       7.210
050886       7.170
050986       7.250
051286       7.410
051386       7.460
051486       7.480
051586       7.670
051686       7.890
051986       7.870
052086       7.800
052186       7.760
052286       7.760
052386       7.730
052786       7.650
052886       7.550
052986       7.780
053086       7.820
060286       8.050
060386       7.990
060486       8.170
060586       8.100
060686       7.780
060986       7.940
061086       7.920
061186       7.900
061286       7.830
061386       7.570
061686       7.470
061786       7.450
061886       7.410
061986       7.490
062086       7.450
062386       7.420
062486       7.350
062586       7.310
062686       7.290
062786       7.270
063086       7.230
070186       7.230
070286       7.230
070386       7.150
070786       7.140
070886       7.260
070986       7.140
071086       7.120
071186       7.000
071486       6.970
071586       6.910
071686       6.900
071786       6.910
071886       6.880
072186       6.880
072286       6.930
072386       7.040
072486       7.120
072586       7.090
072886       7.230
072986       7.130
073086       7.100
073186       7.020
080186       7.020
080486       7.010
080586       7.070
080686       7.130
080786       7.100
080886       6.970
081186       6.900
081286       6.890
081386       6.830
081486       6.890
081586       6.830
081886       6.830
081986       6.700
082086       6.650
082186       6.620
082286       6.680
082586       6.650
082686       6.630
082786       6.530
082886       6.520
082986       6.400
090286       6.450
090386       6.640
090486       6.630
090586       6.810
090886       6.890
090986       6.880
091086       6.850
091186       7.070
091286       7.090
091586       7.000
091686       6.990
091786       6.930
091886       7.020
091986       7.100
092286       7.060
092386       7.030
092486       6.940
092586       6.940
092686       6.960
092986       7.040
093086       6.980
100186       6.930
100286       6.950
100386       6.740
100686       6.710
100786       6.710
100886       6.710
100986       6.730
101086       6.730
101486       6.820
101586       6.870
101686       6.870
101786       6.940
102086       7.050
102186       6.960
102286       6.910
102386       6.820
102486       6.860
102786       6.820
102886       6.850
102986       6.820
103086       6.750
103186       6.760
110386       6.710
110486       6.710
110586       6.720
110686       6.790
110786       6.860
111086       6.890
111286       6.870
111386       6.830
111486       6.810
111786       6.770
111886       6.790
111986       6.740
112086       6.740
112186       6.720
112486       6.690
112586       6.660
112686       6.650
112886       6.650
120186       6.690
120286       6.610
120386       6.580
120486       6.530
120586       6.650
120886       6.610
120986       6.600
121086       6.580
121186       6.640
121286       6.660
121586       6.690
121686       6.670
121786       6.680
121886       6.690
121986       6.690
122286       6.690
122386       6.680
122486       6.680
122686       6.690
122986       6.780
123086       6.820
123186       6.810
010287       6.750
010587       6.670
010687       6.670
010787       6.650
010887       6.600
010987       6.580
011287       6.610
011387       6.640
011487       6.670
011587       6.640
011687       6.600
012087       6.570
012187       6.570
012287       6.570
012387       6.590
012687       6.670
012787       6.660
012887       6.630
012987       6.650
013087       6.710
020287       6.750
020387       6.770
020487       6.760
020587       6.700
020687       6.730
020987       6.790
021087       6.890
021187       6.960
021287       6.920
021387       6.830
021787       6.870
021887       6.840
021987       6.760
022087       6.780
022387       6.780
022487       6.750
022587       6.720
022687       6.740
022787       6.710
030287       6.690
030387       6.720
030487       6.660
030587       6.690
030687       6.770
030987       6.780
031087       6.780
031187       6.740
031287       6.780
031387       6.750
031687       6.770
031787       6.750
031887       6.760
031987       6.750
032087       6.770
032387       6.800
032487       6.820
032587       6.840
032687       6.810
032787       6.890
033087       7.070
033187       7.020
040187       7.120
040287       7.120
040387       7.100
040687       7.060
040787       7.140
040887       7.140
040987       7.300
041087       7.550
041387       7.680
041487       7.830
041587       7.670
041687       7.550
042087       7.720
042187       7.710
042287       7.770
042387       7.920
042487       8.050
042787       7.970
042887       7.910
042987       7.930
043087       7.820
050187       7.980
050487       8.120
050587       8.080
050687       8.150
050787       8.080
050887       8.040
051187       8.190
051287       8.190
051387       8.180
051487       8.200
051587       8.450
051887       8.420
051987       8.550
052087       8.610
052187       8.550
052287       8.490
052687       8.230
052787       8.280
052887       8.250
052987       8.150
060187       8.080
060287       8.310
060387       8.250
060487       8.200
060587       8.110
060887       8.140
060987       8.180
061087       8.150
061187       8.130
061287       7.900
061587       7.890
061687       7.890
061787       7.830
061887       7.870
061987       7.890
062287       7.830
062387       7.850
062487       7.940
062587       7.910
062687       8.020
062987       7.970
063087       8.020
070187       7.960
070287       7.900
070687       7.900
070787       7.900
070887       7.900
070987       7.950
071087       7.880
071387       7.930
071487       7.890
071587       7.970
071687       7.950
071787       7.920
072087       7.960
072187       8.030
072287       8.050
072387       8.080
072487       8.120
072787       8.150
072887       8.170
072987       8.160
073087       8.200
073187       8.210
080387       8.340
080487       8.340
080587       8.260
080687       8.280
080787       8.270
081087       8.290
081187       8.260
081287       8.270
081387       8.210
081487       8.180
081787       8.170
081887       8.310
081987       8.340
082087       8.350
082187       8.350
082487       8.340
082587       8.320
082687       8.360
082787       8.480
082887       8.540
083187       8.520
090187       8.570
090287       8.770
090387       8.770
090487       8.820
090887       9.020
090987       9.000
091087       8.950
091187       8.880
091487       8.870
091587       8.950
091687       9.000
091787       8.980
091887       8.910
092187       8.940
092287       8.910
092387       8.920
092487       9.030
092587       9.060
092887       9.070
092987       9.170
093087       9.210
100187       9.220
100287       9.200
100587       9.280
100687       9.320
100787       9.310
100887       9.490
100987       9.560
101387       9.510
101487       9.750
101587       9.820
101687       9.840
101987       9.700
102087       8.930
102187       8.800
102287       8.520
102387       8.550
102687       8.330
102787       8.420
102887       8.430
102987       8.330
103087       8.370
110287       8.440
110387       8.380
110487       8.300
110587       8.180
110687       8.280
110987       8.300
111087       8.270
111287       8.270
111387       8.340
111687       8.340
111787       8.380
111887       8.380
111987       8.340
112087       8.320
112387       8.340
112487       8.350
112587       8.410
112787       8.550
113087       8.430
120187       8.440
120287       8.430
120387       8.350
120487       8.350
120787       8.480
120887       8.490
120987       8.470
121087       8.630
121187       8.650
121487       8.630
121587       8.540
121687       8.460
121787       8.470
121887       8.390
122187       8.380
122287       8.480
122387       8.400
122487       8.370
122887       8.460
122987       8.410
123087       8.320
123187       8.330
010488       8.350
010588       8.290
010688       8.370
010788       8.350
010888       8.480
011188       8.410
011288       8.390
011388       8.360
011488       8.360
011588       8.130
011988       8.160
012088       8.110
012188       8.040
012288       8.010
012588       7.990
012688       8.080
012788       7.910
012888       7.830
012988       7.760
020188       7.780
020288       7.700
020388       7.760
020488       7.760
020588       7.640
020888       7.700
020988       7.650
021088       7.590
021188       7.640
021288       7.770
021688       7.790
021788       7.800
021888       7.780
021988       7.770
022288       7.750
022388       7.690
022488       7.690
022588       7.680
022688       7.670
022988       7.640
030188       7.610
030288       7.590
030388       7.590
030488       7.740
030788       7.770
030888       7.790
030988       7.760
031088       7.810
031188       7.760
031488       7.760
031588       7.760
031688       7.810
031788       7.760
031888       7.810
032188       7.910
032288       7.910
032388       7.950
032488       8.010
032588       7.950
032888       8.030
032988       8.030
033088       8.030
033188       8.040
040488       8.190
040588       8.180
040688       8.130
040788       8.120
040888       8.050
041188       8.100
041288       8.090
041388       8.050
041488       8.150
041588       8.200
041888       8.250
041988       8.240
042088       8.270
042188       8.260
042288       8.230
042588       8.230
042688       8.240
042788       8.250
042888       8.320
042988       8.330
050288       8.390
050388       8.350
050488       8.350
050588       8.390
050688       8.480
050988       8.500
051088       8.550
051188       8.550
051288       8.550
051388       8.510
051688       8.520
051788       8.640
051888       8.680
051988       8.670
052088       8.700
052388       8.740
052488       8.730
052588       8.730
052688       8.720
052788       8.750
053188       8.730
060188       8.570
060288       8.600
060388       8.520
060688       8.510
060788       8.540
060888       8.460
060988       8.500
061088       8.470
061388       8.450
061488       8.250
061588       8.290
061688       8.460
061788       8.580
062088       8.590
062188       8.610
062288       8.490
062388       8.470
062488       8.450
062788       8.540
062888       8.480
062988       8.470
063088       8.410
070188       8.380
070588       8.420
070688       8.470
070788       8.520
070888       8.640
071188       8.620
071288       8.680
071388       8.690
071488       8.700
071588       8.670
071888       8.730
071988       8.700
072088       8.700
072188       8.750
072288       8.710
072588       8.690
072688       8.720
072788       8.770
072888       8.790
072988       8.750
080188       8.700
080288       8.630
080388       8.640
080488       8.610
080588       8.780
080888       8.790
080988       8.880
081088       9.000
081188       9.020
081288       9.030
081588       9.040
081688       9.030
081788       9.060
081888       9.050
081988       9.050
082288       9.090
082388       9.040
082488       9.020
082588       9.080
082688       9.070
082988       9.000
083088       8.980
083188       8.950
090188       8.950
090288       8.700
090688       8.700
090788       8.690
090888       8.690
090988       8.620
091288       8.660
091388       8.650
091488       8.590
091588       8.630
091688       8.650
091988       8.690
092088       8.680
092188       8.640
092288       8.670
092388       8.690
092688       8.730
092788       8.770
092888       8.810
092988       8.730
093088       8.610
100388       8.590
100488       8.600
100588       8.600
100688       8.610
100788       8.430
101188       8.480
101288       8.560
101388       8.550
101488       8.520
101788       8.500
101888       8.490
101988       8.530
102088       8.520
102188       8.540
102488       8.540
102588       8.530
102688       8.480
102788       8.410
102888       8.400
103188       8.370
110188       8.380
110288       8.440
110388       8.420
110488       8.580
110788       8.660
110888       8.660
110988       8.710
111088       8.720
111488       8.760
111588       8.780
111688       8.870
111788       8.900
111888       8.910
112188       8.920
112288       8.990
112388       8.970
112588       9.070
112888       9.060
112988       9.020
113088       8.910
120188       8.880
120288       9.110
120588       9.070
120688       8.880
120788       8.930
120888       9.010
120988       9.050
121288       9.070
121388       9.150
121488       9.190
121588       9.210
121688       9.180
121988       9.160
122088       9.090
122188       9.080
122288       9.090
122388       9.080
122788       9.170
122888       9.220
122988       9.190
123088       9.140
010389       9.250
010489       9.240
010589       9.320
010689       9.300
010989       9.300
011089       9.290
011189       9.280
011289       9.200
011389       9.100
011789       9.110
011889       9.070
011989       9.060
012089       9.110
012389       9.060
012489       8.980
012589       9.050
012689       9.070
012789       9.030
013089       9.070
013189       9.080
020189       9.050
020289       9.050
020389       9.100
020689       9.110
020789       9.060
020889       9.060
020989       9.210
021089       9.280
021389       9.290
021489       9.340
021589       9.330
021689       9.320
021789       9.320
022189       9.340
022289       9.430
022389       9.470
022489       9.490
022789       9.470
022889       9.420
030189       9.430
030289       9.380
030389       9.380
030689       9.340
030789       9.350
030889       9.340
030989       9.350
031089       9.480
031389       9.480
031489       9.450
031589       9.450
031689       9.430
031789       9.640
032089       9.710
032189       9.750
032289       9.650
032389       9.650
032789       9.670
032889       9.660
032989       9.600
033089       9.590
033189       9.530
040389       9.390
040489       9.310
040589       9.310
040689       9.350
040789       9.420
041089       9.430
041189       9.420
041289       9.440
041389       9.500
041489       9.290
041789       9.330
041889       9.140
041989       9.170
042089       9.320
042189       9.270
042489       9.260
042589       9.210
042689       9.180
042789       9.100
042889       9.060
050189       9.190
050289       9.110
050389       9.100
050489       9.090
050589       8.960
050889       9.020
050989       9.170
051089       9.210
051189       9.100
051289       8.800
051589       8.850
051689       8.870
051789       8.870
051889       8.880
051989       8.820
052289       8.710
052389       8.720
052489       8.740
052589       8.750
052689       8.720
053089       8.680
053189       8.650
060189       8.650
060289       8.420
060589       8.330
060689       8.350
060789       8.280
060889       8.260
060989       8.160
061289       8.180
061389       8.300
061489       8.240
061589       8.360
061689       8.400
061989       8.410
062089       8.350
062189       8.400
062289       8.410
062389       8.270
062689       8.220
062789       8.140
062889       8.180
062989       8.090
063089       8.030
070389       7.990
070589       7.970
070689       7.910
070789       7.860
071089       7.840
071189       7.800
071289       7.790
071389       7.800
071489       7.840
071789       7.850
071889       7.970
071989       7.900
072089       7.800
072189       7.890
072489       7.870
072589       7.790
072689       7.810
072789       7.690
072889       7.600
073189       7.560
080189       7.490
080289       7.570
080389       7.640
080489       7.940
080789       7.980
080889       7.950
080989       7.960
081089       7.960
081189       8.100
081489       8.270
081589       8.240
081689       8.110
081789       8.200
081889       8.200
082189       8.270
082289       8.350
082389       8.230
082489       8.230
082589       8.230
082889       8.290
082989       8.300
083089       8.280
083189       8.270
090189       8.180
090589       8.210
090689       8.190
090789       8.190
090889       8.140
091189       8.100
091289       8.070
091389       8.110
091489       8.050
091589       8.010
091889       8.040
091989       8.050
092089       8.140
092189       8.190
092289       8.200
092589       8.320
092689       8.290
092789       8.310
092889       8.340
092989       8.360
100289       8.330
100389       8.270
100489       8.250
100589       8.180
100689       8.010
101089       8.000
101189       8.030
101289       7.980
101389       7.790
101689       7.910
101789       7.920
101889       7.920
101989       7.910
102089       7.930
102389       7.870
102489       7.800
102589       7.790
102689       7.810
102789       7.870
103089       7.860
103189       7.860
110189       7.860
110289       7.810
110389       7.930
110689       7.990
110789       7.850
110889       7.810
110989       7.840
111089       7.850
111389       7.850
111489       7.800
111589       7.740
111689       7.740
111789       7.820
112089       7.800
112189       7.790
112289       7.720
112489       7.700
112789       7.800
112889       7.810
112989       7.780
113089       7.740
120189       7.700
120489       7.700
120589       7.700
120689       7.760
120789       7.800
120889       7.730
121189       7.740
121289       7.740
121389       7.730
121489       7.680
121589       7.700
121889       7.670
121989       7.690
122089       7.670
122189       7.670
122289       7.750
122689       7.900
122789       7.890
122889       7.850
122989       7.860
010290       7.870
010390       7.920
010490       7.910
010590       7.920
010890       7.920
010990       7.920
011090       7.920
011190       7.940
011290       7.990
011690       8.110
011790       8.110
011890       8.270
011990       8.200
012290       8.190
012390       8.180
012490       8.280
012590       8.310
012690       8.380
012990       8.390
013090       8.430
013190       8.350
020190       8.350
020290       8.420
020590       8.440
020690       8.490
020790       8.510
020890       8.450
020990       8.290
021290       8.370
021390       8.290
021490       8.340
021590       8.400
021690       8.410
022090       8.580
022190       8.600
022290       8.480
022390       8.470
022690       8.400
022790       8.340
022890       8.440
030190       8.530
030290       8.500
030590       8.580
030690       8.570
030790       8.560
030890       8.570
030990       8.680
031290       8.670
031390       8.750
031490       8.670
031590       8.690
031690       8.610
031990       8.650
032090       8.610
032190       8.620
032290       8.560
032390       8.540
032690       8.520
032790       8.550
032890       8.530
032990       8.600
033090       8.650
040290       8.650
040390       8.640
040490       8.560
040590       8.570
040690       8.550
040990       8.580
041090       8.580
041190       8.600
041290       8.620
041690       8.650
041790       8.730
041890       8.840
041990       8.840
042090       8.880
042390       8.920
042490       8.960
042590       9.000
042690       9.090
042790       9.060
043090       9.040
050190       9.080
050290       9.100
050390       9.040
050490       8.800
050790       8.830
050890       8.790
050990       8.870
051090       8.800
051190       8.640
051490       8.600
051590       8.640
051690       8.660
051790       8.690
051890       8.740
052190       8.740
052290       8.660
052390       8.610
052490       8.580
052590       8.610
052990       8.590
053090       8.560
053190       8.560
060190       8.380
060490       8.390
060590       8.420
060690       8.430
060790       8.410
060890       8.420
061190       8.430
061290       8.440
061390       8.350
061490       8.320
061590       8.410
061890       8.450
061990       8.470
062090       8.510
062190       8.480
062290       8.460
062590       8.530
062690       8.510
062790       8.470
062890       8.410
062990       8.350
070290       8.350
070390       8.320
070590       8.340
070690       8.440
070990       8.490
071090       8.500
071190       8.490
071290       8.370
071390       8.320
071690       8.310
071790       8.300
071890       8.340
071990       8.330
072090       8.280
072390       8.280
072490       8.350
072590       8.310
072690       8.310
072790       8.250
073090       8.140
073190       8.130
080190       8.060
080290       8.150
080390       8.110
080690       8.290
080790       8.410
080890       8.430
080990       8.330
081090       8.350
081390       8.360
081490       8.340
081590       8.330
081690       8.450
081790       8.490
082090       8.500
082190       8.560
082290       8.620
082390       8.690
082490       8.750
082790       8.610
082890       8.670
082990       8.520
083090       8.520
083190       8.500
090490       8.530
090590       8.470
090690       8.470
090790       8.450
091090       8.500
091190       8.480
091290       8.450
091390       8.440
091490       8.480
091790       8.490
091890       8.480
091990       8.510
092090       8.530
092190       8.580
092490       8.640
092590       8.640
092690       8.630
092790       8.520
092890       8.470
100190       8.380
100290       8.350
100390       8.330
100490       8.300
100590       8.270
100990       8.430
101090       8.490
101190       8.510
101290       8.440
101590       8.390
101690       8.390
101790       8.370
101890       8.320
101990       8.250
102290       8.250
102390       8.250
102490       8.260
102590       8.210
102690       8.230
102990       8.270
103090       8.280
103190       8.240
110190       8.150
110290       8.160
110590       8.100
110690       8.110
110790       8.160
110890       8.180
110990       8.100
111390       8.010
111490       8.010
111590       8.010
111690       7.960
111990       8.010
112090       7.980
112190       7.920
112390       7.920
112690       7.920
112790       7.940
112890       7.940
112990       7.960
113090       7.910
120390       7.880
120490       7.830
120590       7.820
120690       7.820
120790       7.670
121090       7.630
121190       7.600
121290       7.590
121390       7.680
121490       7.740
121790       7.710
121890       7.670
121990       7.640
122090       7.670
122190       7.750
122490       7.840
122690       7.780
122790       7.750
122890       7.780
123190       7.680
010291       7.590
010391       7.560
010491       7.650
010791       7.750
010891       7.740
010991       7.810
011091       7.760
011191       7.790
011491       7.820
011591       7.790
011691       7.830
011791       7.710
011891       7.680
012291       7.700
012391       7.670
012491       7.610
012591       7.670
012891       7.670
012991       7.640
013091       7.640
013191       7.620
020191       7.450
020491       7.430
020591       7.400
020691       7.400
020791       7.420
020891       7.400
021191       7.390
021291       7.390
021391       7.390
021491       7.380
021591       7.410
021991       7.460
022091       7.490
022191       7.510
022291       7.570
022591       7.570
022691       7.620
022791       7.640
022891       7.660
030191       7.780
030491       7.770
030591       7.730
030691       7.770
030791       7.730
030891       7.770
031191       7.710
031291       7.740
031391       7.670
031491       7.640
031591       7.730
031891       7.790
031991       7.930
032091       7.880
032191       7.820
032291       7.820
032591       7.830
032691       7.840
032791       7.760
032891       7.730
040191       7.740
040291       7.680
040391       7.710
040491       7.670
040591       7.650
040891       7.630
040991       7.680
041091       7.750
041191       7.740
041291       7.640
041591       7.640
041691       7.660
041791       7.640
041891       7.740
041991       7.800
042291       7.830
042391       7.780
042491       7.730
042591       7.700
042691       7.680
042991       7.700
043091       7.630
050191       7.630
050291       7.590
050391       7.670
050691       7.670
050791       7.670
050891       7.680
050991       7.680
051091       7.760
051391       7.720
051491       7.780
051591       7.770
051691       7.770
051791       7.770
052091       7.780
052191       7.740
052291       7.720
052391       7.710
052491       7.680
052891       7.660
052991       7.660
053091       7.630
053191       7.690
060391       7.800
060491       7.800
060591       7.840
060691       7.890
060791       7.960
061091       7.950
061191       7.960
061291       8.020
061391       8.000
061491       7.940
061791       7.960
061891       7.970
061991       7.970
062091       7.910
062191       7.950
062491       7.980
062591       7.990
062691       7.980
062791       7.970
062891       7.900
070191       7.930
070291       7.950
070391       7.920
070591       8.010
070891       8.000
070991       8.020
071091       8.000
071191       7.950
071291       7.900
071591       7.900
071691       7.910
071791       7.940
071891       7.950
071991       7.910
072291       7.920
072391       7.960
072491       7.860
072591       7.810
072691       7.820
072991       7.810
073091       7.810
073191       7.770
080191       7.780
080291       7.620
080591       7.620
080691       7.540
080791       7.510
080891       7.530
080991       7.510
081291       7.490
081391       7.460
081491       7.370
081591       7.370
081691       7.330
081991       7.310
082091       7.240
082191       7.270
082291       7.250
082391       7.390
082691       7.440
082791       7.420
082891       7.320
082991       7.240
083091       7.340
090391       7.320
090491       7.310
090591       7.320
090691       7.240
090991       7.200
091091       7.200
091191       7.210
091291       7.150
091391       7.130
091691       7.110
091791       7.100
091891       7.100
091991       7.100
092091       7.090
092391       7.090
092491       7.090
092591       7.060
092691       7.030
092791       6.950
093091       6.920
100191       6.900
100291       6.900
100391       6.880
100491       6.810
100791       6.810
100891       6.820
100991       6.870
101091       6.930
101191       6.840
101591       6.810
101691       6.790
101791       6.900
101891       6.880
102191       6.950
102291       6.990
102391       7.000
102491       6.910
102591       6.960
102891       6.910
102991       6.800
103091       6.770
103191       6.740
110191       6.710
110491       6.740
110591       6.790
110691       6.720
110791       6.650
110891       6.660
111291       6.650
111391       6.690
111491       6.620
111591       6.580
111891       6.570
111991       6.550
112091       6.560
112191       6.540
112291       6.560
112591       6.610
112691       6.530
112791       6.530
112991       6.480
120291       6.430
120391       6.390
120491       6.270
120591       6.300
120691       6.310
120991       6.230
121091       6.250
121191       6.260
121291       6.230
121391       6.300
121691       6.280
121791       6.240
121891       6.300
121991       6.190
122091       6.020
122391       6.000
122491       6.010
122691       6.000
122791       6.000
123091       5.970
123191       5.930
010292       5.980
010392       6.050
010692       6.020
010792       5.940
010892       5.960
010992       6.020
011092       6.100
011392       6.210
011492       6.340
011592       6.370
011692       6.410
011792       6.360
012192       6.270
012292       6.280
012392       6.320
012492       6.400
012792       6.410
012892       6.320
012992       6.420
013092       6.480
013192       6.440
020392       6.520
020492       6.460
020592       6.400
020692       6.400
020792       6.400
021092       6.380
021192       6.400
021292       6.460
021392       6.610
021492       6.650
021892       6.690
021992       6.670
022092       6.670
022192       6.770
022492       6.810
022592       6.780
022692       6.660
022792       6.670
022892       6.580
030292       6.730
030392       6.760
030492       6.760
030592       6.870
030692       6.850
030992       6.770
031092       6.780
031192       6.860
031292       7.010
031392       7.140
031692       7.120
031792       7.060
031892       7.060
031992       7.030
032092       7.120
032392       7.100
032492       7.000
032592       6.960
032692       6.980
032792       6.970
033092       6.930
033192       6.940
040192       6.820
040292       6.850
040392       6.760
040692       6.740
040792       6.730
040892       6.760
040992       6.590
041092       6.620
041392       6.580
041492       6.600
041592       6.660
041692       6.760
042092       6.900
042192       6.890
042292       6.890
042392       6.910
042492       6.850
042792       6.900
042892       6.870
042992       6.880
043092       6.910
050192       6.820
050492       6.820
050592       6.800
050692       6.760
050792       6.800
050892       6.730
051192       6.710
051292       6.660
051392       6.640
051492       6.630
051592       6.600
051892       6.590
051992       6.470
052092       6.550
052192       6.770
052292       6.690
052692       6.790
052792       6.740
052892       6.670
052992       6.610
060192       6.690
060292       6.610
060392       6.600
060492       6.600
060592       6.550
060892       6.560
060992       6.590
061092       6.590
061192       6.560
061292       6.490
061592       6.490
061692       6.440
061792       6.440
061892       6.390
061992       6.450
062292       6.450
062392       6.500
062492       6.390
062592       6.320
062692       6.330
062992       6.290
063092       6.290
070192       6.270
070292       6.020
070692       5.970
070792       5.910
070892       5.930
070992       5.930
071092       5.920
071392       5.940
071492       5.900
071592       5.800
071692       5.800
071792       5.820
072092       5.820
072192       5.820
072292       5.770
072392       5.620
072492       5.660
072792       5.660
072892       5.630
072992       5.620
073092       5.760
073192       5.840
080392       5.820
080492       5.720
080592       5.690
080692       5.670
080792       5.560
081092       5.500
081192       5.500
081292       5.540
081392       5.570
081492       5.540
081792       5.550
081892       5.440
081992       5.430
082092       5.420
082192       5.540
082492       5.720
082592       5.760
082692       5.700
082792       5.650
082892       5.600
083192       5.600
090192       5.520
090292       5.500
090392       5.500
090492       5.300
090892       5.210
090992       5.250
091092       5.260
091192       5.330
091492       5.280
091592       5.370
091692       5.400
091792       5.410
091892       5.410
092192       5.460
092292       5.520
092392       5.540
092492       5.470
092592       5.330
092892       5.280
092992       5.310
093092       5.330
100192       5.180
100292       5.220
100592       5.180
100692       5.250
100792       5.430
100892       5.370
100992       5.500
101392       5.490
101492       5.510
101592       5.520
101692       5.570
101992       5.710
102092       5.900
102192       5.820
102292       5.790
102392       5.910
102692       5.920
102792       5.820
102892       5.830
102992       5.790
103092       5.900
110292       5.960
110392       5.940
110492       5.940
110592       5.930
110692       6.020
110992       6.090
111092       6.010
111292       5.890
111392       5.990
111692       6.110
111792       6.080
111892       5.970
111992       6.000
112092       6.080
112392       6.100
112492       6.040
112592       6.120
112792       6.220
113092       6.230
120192       6.240
120292       6.230
120392       6.200
120492       6.110
120792       6.050
120892       5.990
120992       6.010
121092       6.040
121192       6.100
121492       6.150
121592       6.120
121692       6.060
121792       6.080
121892       6.070
122192       6.050
122292       6.020
122392       6.010
122492       6.020
122892       6.060
122992       6.040
123092       5.980
123192       6.040
010493       5.900
010593       5.900
010693       5.940
010793       6.050
010893       5.970
011193       5.930
011293       5.950
011393       5.930
011493       5.880
011593       5.800
011993       5.820
012093       5.850
012193       5.830
012293       5.770
012593       5.710
012693       5.750
012793       5.680
012893       5.610
012993       5.570
020193       5.550
020293       5.630
020393       5.620
020493       5.530
020593       5.420
020893       5.490
020993       5.550
021093       5.630
021193       5.580
021293       5.570
021693       5.520
021793       5.430
021893       5.290
021993       5.300
022293       5.280
022393       5.120
022493       5.200
022593       5.230
022693       5.210
030193       5.120
030293       5.130
030393       5.050
030493       5.000
030593       5.140
030893       5.150
030993       5.210
031093       5.240
031193       5.230
031293       5.350
031593       5.390
031693       5.270
031793       5.210
031893       5.110
031993       5.170
032293       5.180
032393       5.140
032493       5.190
032593       5.190
032693       5.320
032993       5.250
033093       5.200
033193       5.240
040193       5.240
040293       5.310
040593       5.270
040693       5.220
040793       5.230
040893       5.130
041293       5.090
041393       5.100
041493       5.070
041593       5.060
041693       5.080
041993       5.070
042093       5.070
042193       5.050
042293       5.040
042393       5.060
042693       5.090
042793       5.190
042893       5.180
042993       5.100
043093       5.140
050393       5.060
050493       5.040
050593       5.070
050693       5.030
050793       5.040
051093       5.020
051193       5.030
051293       5.070
051393       5.150
051493       5.210
051793       5.270
051893       5.300
051993       5.260
052093       5.250
052193       5.340
052493       5.370
052593       5.380
052693       5.350
052793       5.350
052893       5.370
060193       5.280
060293       5.270
060393       5.230
060493       5.360
060793       5.340
060893       5.350
060993       5.330
061093       5.340
061193       5.220
061493       5.200
061593       5.190
061693       5.180
061793       5.170
061893       5.230
062193       5.200
062293       5.210
062393       5.200
062493       5.160
062593       5.130
062893       5.080
062993       5.050
063093       5.050
070193       5.040
070293       4.980
070693       5.040
070793       5.040
070893       5.020
070993       5.000
071293       5.000
071393       5.030
071493       4.980
071593       4.990
071693       4.990
071993       5.000
072093       5.080
072193       5.170
072293       5.240
072393       5.280
072693       5.250
072793       5.260
072893       5.230
072993       5.130
073093       5.160
080293       5.200
080393       5.190
080493       5.200
080593       5.180
080693       5.160
080993       5.120
081093       5.140
081193       5.130
081293       5.130
081393       5.080
081693       5.050
081793       5.070
081893       5.040
081993       4.970
082093       4.960
082393       4.980
082493       4.900
082593       4.860
082693       4.780
082793       4.830
083093       4.780
083193       4.800
090193       4.810
090293       4.760
090393       4.650
090793       4.600
090893       4.630
090993       4.740
091093       4.670
091393       4.660
091493       4.770
091593       4.750
091693       4.740
091793       4.750
092093       4.790
092193       4.800
092293       4.810
092393       4.800
092493       4.810
092793       4.690
092893       4.670
092993       4.740
093093       4.790
100193       4.720
100493       4.710
100593       4.720
100693       4.700
100793       4.690
100893       4.610
101293       4.640
101393       4.640
101493       4.610
101593       4.570
101893       4.660
101993       4.660
102093       4.640
102193       4.720
102293       4.760
102593       4.820
102693       4.790
102793       4.820
102893       4.830
102993       4.830
110193       4.960
110293       5.020
110393       5.010
110493       5.030
110593       5.110
110893       5.040
110993       5.020
111093       5.080
111293       5.020
111593       5.020
111693       4.980
111793       4.990
111893       5.060
111993       5.160
112293       5.200
112393       5.140
112493       5.110
112693       5.080
112993       5.080
113093       5.150
120193       5.140
120293       5.160
120393       5.160
120693       5.090
120793       5.100
120893       5.090
120993       5.070
121093       5.130
121393       5.160
121493       5.200
121593       5.190
121693       5.200
121793       5.170
122093       5.200
122193       5.220
122293       5.130
122393       5.100
122793       5.090
122893       5.100
122993       5.120
123093       5.200
123193       5.210
010394       5.290
010494       5.260
010594       5.270
010694       5.210
010794       5.030
011094       5.010
011194       5.000
011294       4.950
011394       5.080
011494       5.120
011894       5.090
011994       5.080
012094       5.020
012194       5.050
012494       5.060
012594       5.080
012694       5.090
012794       5.040
012894       4.990
013194       5.020
020194       5.100
020294       5.110
020394       5.170
020494       5.320
020794       5.360
020894       5.380
020994       5.350
021094       5.360
021194       5.340
021494       5.360
021594       5.340
021694       5.350
021794       5.450
021894       5.520
022294       5.500
022394       5.590
022494       5.660
022594       5.650
022894       5.600
030194       5.740
030294       5.740
030394       5.790
030494       5.820
030794       5.770
030894       5.840
030994       5.840
031094       5.900
031194       5.890
031494       5.940
031594       5.910
031694       5.860
031794       5.880
031894       5.970
032194       6.030
032294       5.920
032394       5.920
032494       6.050
032594       6.080
032894       6.100
032994       6.190
033094       6.240
033194       6.230
040494       6.640
040594       6.470
040694       6.420
040794       6.380
040894       6.460
041194       6.460
041294       6.400
041394       6.470
041494       6.510
041594       6.500
041894       6.700
041994       6.680
042094       6.620
042194       6.490
042294       6.530
042594       6.480
042694       6.460
042894       6.650
042994       6.640
050294       6.690
050394       6.730
050494       6.740
050594       6.700
050694       6.950
050994       7.090
051094       6.930
051194       7.020
051294       6.970
051394       6.890
051694       6.850
051794       6.660
051894       6.610
051994       6.520
052094       6.590
052394       6.760
052494       6.750
052594       6.740
052694       6.690
052794       6.730
053194       6.770
060194       6.740
060294       6.680
060394       6.590
060694       6.490
060794       6.530
060894       6.530
060994       6.540
061094       6.600
061394       6.660
061494       6.580
061594       6.670
061694       6.650
061794       6.710
062094       6.740
062194       6.820
062294       6.750
062394       6.700
062494       6.810
062794       6.790
062894       6.880
062994       6.870
063094       6.970
070194       6.950
070594       6.930
070694       6.920
070794       6.890
070894       7.040
071194       7.090
071294       7.030
071394       7.020
071494       6.850
071594       6.840
071894       6.790
071994       6.730
072094       6.840
072194       6.890
072294       6.920
072594       6.900
072694       6.900
072794       6.990
072894       6.940
072994       6.730
080194       6.750
080294       6.730
080394       6.700
080494       6.720
080594       6.930
080894       6.930
080994       6.970
081094       6.950
081194       7.000
081294       6.940
081594       6.960
081694       6.860
081794       6.810
081894       6.930
081994       6.920
082294       6.970
082394       6.940
082494       6.870
082594       6.930
082694       6.870
082994       6.870
083094       6.830
083194       6.810
090194       6.810
090294       6.820
090694       6.880
090794       6.920
090894       6.920
090994       7.060
091294       7.080
091394       7.050
091494       7.020
091594       6.970
091694       7.130
091994       7.110
092094       7.150
092194       7.200
092294       7.200
092394       7.200
092694       7.210
092794       7.240
092894       7.210
092994       7.290
093094       7.280
100394       7.350
100494       7.370
100594       7.420
100694       7.430
100794       7.340
101194       7.300
101294       7.340
101394       7.300
101494       7.260
101794       7.280
101894       7.290
101994       7.340
102094       7.460
102194       7.460
102494       7.520
102594       7.540
102694       7.550
102794       7.550
102894       7.480
103194       7.480
110194       7.580
110294       7.630
110394       7.650
110494       7.720
110794       7.730
110894       7.690
110994       7.640
111094       7.690
111494       7.660
111594       7.690
111694       7.730
111794       7.790
111894       7.790
112194       7.830
112294       7.820
112394       7.640
112594       7.650
112894       7.770
112994       7.860
113094       7.790
120194       7.800
120294       7.710
120594       7.780
120694       7.650
120794       7.740
120894       7.770
120994       7.740
121294       7.820
121394       7.840
121494       7.740
121594       7.730
121694       7.760
121994       7.770
122094       7.760
122194       7.750
122294       7.830
122394       7.860
122794       7.780
122894       7.810
122994       7.830
123094       7.830
010395       7.880
010495       7.810
010595       7.870
010695       7.870
010995       7.900
011095       7.850
011195       7.800
011295       7.800
011395       7.640
011795       7.680
011895       7.710
011995       7.740
012095       7.800
012395       7.800
012495       7.820
012595       7.760
012695       7.700
012795       7.600
013095       7.550
013195       7.540
020195       7.560
020295       7.630
020395       7.400
020695       7.430
020795       7.440
020895       7.430
020995       7.500
021095       7.550
021395       7.540
021495       7.450
021595       7.370
021695       7.290
021795       7.330
022195       7.350
022295       7.200
022395       7.200
022495       7.160
022795       7.060
022895       7.060
030195       7.060
030295       7.150
030395       7.190
030695       7.240
030795       7.280
030895       7.200
030995       7.110
031095       7.070
031395       7.010
031495       6.930
031595       6.930
031695       6.890
031795       6.970
032095       6.980
032195       7.010
032295       7.050
032395       7.060
032495       6.930
032795       6.900
032895       7.020
032995       6.980
033095       7.050
033195       7.080
040395       7.000
040495       6.960
040595       6.970
040695       6.920
040795       6.930
041095       6.940
041195       6.920
041295       6.890
041395       6.820
041795       6.800
041895       6.770
041995       6.820
042095       6.760
042195       6.770
042495       6.770
042595       6.790
042695       6.790
042795       6.840
042895       6.880
050195       6.900
050295       6.830
050395       6.730
050495       6.630
050595       6.420
050895       6.440
050995       6.330
051095       6.390
051195       6.450
051295       6.460
051595       6.410
051695       6.360
051795       6.350
051895       6.440
051995       6.430
052295       6.460
052395       6.370
052495       6.200
052595       6.180
052695       6.180
053095       6.080
053195       6.080
060195       5.940
060295       5.800
060595       5.790
060695       5.830
060795       5.950
060895       6.020
060995       6.210
061295       6.160
061395       5.880
061495       5.880
061595       5.930
061695       5.960
061995       5.870
062095       5.920
062195       5.890
062295       5.800
062395       5.830
062695       5.900
062795       5.940
062895       5.880
062995       6.070
063095       5.980
070395       5.970
070595       5.950
070695       5.750
070795       5.740
071095       5.740
071195       5.800
071295       5.800
071395       5.800
071495       5.890
