1919.01              8.0
1919.02              7.6
1919.03              7.4
1919.04              7.5
1919.05              7.6
1919.06              8.1
1919.07              8.5
1919.08              8.7
1919.09              8.5
1919.10              8.4
1919.11              8.3
1919.12              8.4
1920.01              9.2
1920.02              9.2
1920.03              9.0
1920.04              8.5
1920.05              8.8
1920.06              8.9
1920.07              8.6
1920.08              8.7
1920.09              8.4
1920.10              8.0
1920.11              7.4
1920.12              6.9
1921.01              6.5
1921.02              6.4
1921.03              6.2
1921.04              6.2
1921.05              6.4
1921.06              6.3
1921.07              6.3
1921.08              6.5
1921.09              6.6
1921.10              7.0
1921.11              6.9
1921.12              6.8
1922.01              7.1
1922.02              7.4
1922.03              7.8
1922.04              7.5
1922.05              7.9
1922.06              8.3
1922.07              8.3
1922.08              8.1
1922.09              8.6
1922.10              9.1
1922.11              9.5
1922.12              9.7
1923.01              9.5
1923.02              9.6
1923.03             10.0
1923.04             10.2
1923.05             10.3
1923.06             10.2
1923.07             10.1
1923.08             10.0
1923.09              9.7
1923.10              9.7
1923.11              9.7
1923.12              9.5
1924.01              9.7
1924.02              9.9
1924.03              9.7
1924.04              9.4
1924.05              9.0
1924.06              8.6
1924.07              8.5
1924.08              8.8
1924.09              9.1
1924.10              9.3
1924.11              9.5
1924.12              9.7
1925.01             10.0
1925.02             10.0
1925.03             10.0
1925.04             10.1
1925.05             10.1
1925.06             10.0
1925.07             10.3
1925.08             10.1
1925.09             10.0
1925.10             10.4
1925.11             10.6
1925.12             10.7
1926.01             10.5
1926.02             10.5
1926.03             10.7
1926.04             10.7
1926.05             10.6
1926.06             10.7
1926.07             10.7
1926.08             10.9
1926.09             11.1
1926.10             11.1
1926.11             11.0
1926.12             11.0
1927.01             10.9
1927.02             11.0
1927.03             11.1
1927.04             10.9
1927.05             11.0
1927.06             10.9
1927.07             10.8
1927.08             10.8
1927.09             10.6
1927.10             10.4
1927.11             10.4
1927.12             10.4
1928.01             10.7
1928.02             10.7
1928.03             10.8
1928.04             10.8
1928.05             10.9
1928.06             11.0
1928.07             11.1
1928.08             11.4
1928.09             11.5
1928.10             11.7
1928.11             11.9
1928.12             12.1
1929.01             12.3
1929.02             12.2
1929.03             12.3
1929.04             12.5
1929.05             12.7
1929.06             12.8
1929.07             13.0
1929.08             12.9
1929.09             12.8
1929.10             12.6
1929.11             11.9
1929.12             11.4
1930.01             11.4
1930.02             11.4
1930.03             11.2
1930.04             11.1
1930.05             10.9
1930.06             10.6
1930.07             10.1
1930.08              9.9
1930.09              9.7
1930.10              9.5
1930.11              9.2
1930.12              9.0
1931.01              9.0
1931.02              9.0
1931.03              9.2
1931.04              9.2
1931.05              9.1
1931.06              8.9
1931.07              8.8
1931.08              8.5
1931.09              8.1
1931.10              7.8
1931.11              7.7
1931.12              7.6
1932.01              7.4
1932.02              7.2
1932.03              7.1
1932.04              6.7
1932.05              6.4
1932.06              6.2
1932.07              6.0
1932.08              6.2
1932.09              6.6
1932.10              6.8
1932.11              6.8
1932.12              6.7
1933.01              6.6
1933.02              6.6
1933.03              6.2
1933.04              6.7
1933.05              7.8
1933.06              8.9
1933.07              9.8
1933.08              9.4
1933.09              8.9
1933.10              8.4
1933.11              7.9
1933.12              8.0
1934.01              8.2
1934.02              8.6
1934.03              9.0
1934.04              9.0
1934.05              9.2
1934.06              9.0
1934.07              8.4
1934.08              8.3
1934.09              7.8
1934.10              8.2
1934.11              8.3
1934.12              8.8
1935.01              9.5
1935.02              9.7
1935.03              9.6
1935.04              9.5
1935.05              9.5
1935.06              9.6
1935.07              9.6
1935.08             10.0
1935.09             10.2
1935.10             10.5
1935.11             10.7
1935.12             10.9
1936.01             10.7
1936.02             10.4
1936.03             10.6
1936.04             11.2
1936.05             11.5
1936.06             11.7
1936.07             11.9
1936.08             12.1
1936.09             12.3
1936.10             12.5
1936.11             12.8
1936.12             13.2
1937.01             13.2
1937.02             13.3
1937.03             13.7
1937.04             13.7
1937.05             13.7
1937.06             13.5
1937.07             13.6
1937.08             13.5
1937.09             13.1
1937.10             12.1
1937.11             10.9
1937.12             10.0
1938.01              9.7
1938.02              9.6
1938.03              9.6
1938.04              9.5
1938.05              9.2
1938.06              9.3
1938.07              9.9
1938.08             10.4
1938.09             10.7
1938.10             11.0
1938.11             11.4
1938.12             11.5
1939.01             11.5
1939.02             11.6
1939.03             11.7
1939.04             11.6
1939.05             11.6
1939.06             11.8
1939.07             12.2
1939.08             12.4
1939.09             13.1
1939.10             13.8
1939.11             14.1
1939.12             14.1
1940.01             14.0
1940.02             13.5
1940.03             13.2
1940.04             13.5
1940.05             13.9
1940.06             14.3
1940.07             14.5
1940.08             14.6
1940.09             14.9
1940.10             15.1
1940.11             15.5
1940.12             16.0
1941.01             16.4
1941.02             16.9
1941.03             17.4
1941.04             17.4
1941.05             18.2
1941.06             18.4
1941.07             18.6
1941.08             18.8
1941.09             18.8
1941.10             19.0
1941.11             19.1
1941.12             19.4
1942.01             19.8
1942.02             20.1
1942.03             20.3
1942.04             19.8
1942.05             19.8
1942.06             19.9
1942.07             20.3
1942.08             21.0
1942.09             21.5
1942.10             22.2
1942.11             22.7
1942.12             23.2
1943.01             23.4
1943.02             24.0
1943.03             24.2
1943.04             24.5
1943.05             24.7
1943.06             24.6
1943.07             25.3
1943.08             25.9
1943.09             26.5
1943.10             26.9
1943.11             27.3
1943.12             26.9
1944.01             27.2
1944.02             27.4
1944.03             27.4
1944.04             27.4
1944.05             27.2
1944.06             27.1
1944.07             27.1
1944.08             27.4
1944.09             27.3
1944.10             27.4
1944.11             27.1
1944.12             27.0
1945.01             26.8
1945.02             26.7
1945.03             26.5
1945.04             26.0
1945.05             25.3
1945.06             24.8
1945.07             24.2
1945.08             21.7
1945.09             19.7
1945.10             18.9
1945.11             19.6
1945.12             19.7
1946.01             18.6
1946.02             17.7
1946.03             19.6
1946.04             19.2
1946.05             18.5
1946.06             19.6
1946.07             20.3
1946.08             21.1
1946.09             21.5
1946.10             21.8
1946.11             22.0
1946.12             22.1
1947.01             22.4
1947.02             22.5
1947.03             22.6
1947.04             22.5
1947.05             22.6
1947.06             22.6
1947.07             22.4
1947.08             22.6
1947.09             22.7
1947.10             22.9
1947.11             23.3
1947.12             23.3
1948.01             23.5
1948.02             23.5
1948.03             23.3
1948.04             23.3
1948.05             23.7
1948.06             24.0
1948.07             24.0
1948.08             23.9
1948.09             23.7
1948.10             23.9
1948.11             23.6
1948.12             23.4
1949.01             23.2
1949.02             22.9
1949.03             22.5
1949.04             22.4
1949.05             22.1
1949.06             22.0
1949.07             22.0
1949.08             22.2
1949.09             22.4
1949.10             21.6
1949.11             22.2
1949.12             22.6
1950.01             22.9
1950.02             23.0
1950.03             23.8
1950.04             24.6
1950.05             25.2
1950.06             25.9
1950.07             26.7
1950.08             27.6
1950.09             27.4
1950.10             27.6
1950.11             27.5
1950.12             28.0
1951.01             28.1
1951.02             28.3
1951.03             28.4
1951.04             28.5
1951.05             28.4
1951.06             28.2
1951.07             27.8
1951.08             27.5
1951.09             27.7
1951.10             27.7
1951.11             27.9
1951.12             28.1
1952.01             28.4
1952.02             28.5
1952.03             28.6
1952.04             28.4
1952.05             28.1
1952.06             27.8
1952.07             27.4
1952.08             29.2
1952.09             30.2
1952.10             30.5
1952.11             31.1
1952.12             31.3
1953.01             31.4
1953.02             31.6
1953.03             31.8
1953.04             32.0
1953.05             32.2
1953.06             32.0
1953.07             32.4
1953.08             32.2
1953.09             31.6
1953.10             31.3
1953.11             30.6
1953.12             29.8
1954.01             29.6
1954.02             29.7
1954.03             29.5
1954.04             29.3
1954.05             29.5
1954.06             29.6
1954.07             29.6
1954.08             29.6
1954.09             29.6
1954.10             30.0
1954.11             30.5
1954.12             30.9
1955.01             31.6
1955.02             32.0
1955.03             32.7
1955.04             33.1
1955.05             33.7
1955.06             33.7
1955.07             34.0
1955.08             33.9
1955.09             34.1
1955.10             34.7
1955.11             34.8
1955.12             34.9
1956.01             35.1
1956.02             34.8
1956.03             34.8
1956.04             35.1
1956.05             34.8
1956.06             34.5
1956.07             33.4
1956.08             34.8
1956.09             35.6
1956.10             35.9
1956.11             35.6
1956.12             36.1
1957.01             36.0
1957.02             36.3
1957.03             36.3
1957.04             35.8
1957.05             35.7
1957.06             35.8
1957.07             36.0
1957.08             36.0
1957.09             35.7
1957.10             35.1
1957.11             34.3
1957.12             33.7
1958.01             33.0
1958.02             32.3
1958.03             31.9
1958.04             31.4
1958.05             31.7
1958.06             32.6
1958.07             33.0
1958.08             33.7
1958.09             34.0
1958.10             34.4
1958.11             35.4
1958.12             35.5
1959.01             36.0
1959.02             36.7
1959.03             37.2
1959.04             38.0
1959.05             38.6
1959.06             38.6
1959.07             37.7
1959.08             36.4
1959.09             36.4
1959.10             36.1
1959.11             36.3
1959.12             38.6
1960.01             39.6
1960.02             39.2
1960.03             38.9
1960.04             38.6
1960.05             38.5
1960.06             38.1
1960.07             37.9
1960.08             37.9
1960.09             37.5
1960.10             37.4
1960.11             36.9
1960.12             36.2
1961.01             36.3
1961.02             36.2
1961.03             36.4
1961.04             37.2
1961.05             37.7
1961.06             38.3
1961.07             38.7
1961.08             39.1
1961.09             39.0
1961.10             39.8
1961.11             40.4
1961.12             40.7
1962.01             40.4
1962.02             41.1
1962.03             41.3
1962.04             41.4
1962.05             41.3
1962.06             41.2
1962.07             41.6
1962.08             41.7
1962.09             41.9
1962.10             42.0
1962.11             42.2
1962.12             42.2
1963.01             42.5
1963.02             42.9
1963.03             43.2
1963.04             43.6
1963.05             44.1
1963.06             44.3
1963.07             44.1
1963.08             44.2
1963.09             44.6
1963.10             44.9
1963.11             45.1
1963.12             45.1
1964.01             45.5
1964.02             45.8
1964.03             45.8
1964.04             46.5
1964.05             46.8
1964.06             46.9
1964.07             47.2
1964.08             47.5
1964.09             47.7
1964.10             47.0
1964.11             48.5
1964.12             49.1
1965.01             49.6
1965.02             49.9
1965.03             50.6
1965.04             50.8
1965.05             51.2
1965.06             51.6
1965.07             52.1
1965.08             52.3
1965.09             52.4
1965.10             52.9
1965.11             53.2
1965.12             53.8
1966.01             54.4
1966.02             54.7
1966.03             55.5
1966.04             55.5
1966.05             56.1
1966.06             56.3
1966.07             56.6
1966.08             56.7
1966.09             57.2
1966.10             57.6
1966.11             57.2
1966.12             57.3
1967.01             57.6
1967.02             57.0
1967.03             56.6
1967.04             57.2
1967.05             56.7
1967.06             56.7
1967.07             56.5
1967.08             57.6
1967.09             57.5
1967.10             58.0
1967.11             58.8
1967.12             59.5
1968.01             59.4
1968.02             59.6
1968.03             59.8
1968.04             59.9
1968.05             60.6
1968.06             60.8
1968.07             60.7
1968.08             60.9
1968.09             61.1
1968.10             61.2
1968.11             62.0
1968.12             62.2
1969.01             62.6
1969.02             63.0
1969.03             63.5
1969.04             63.2
1969.05             63.0
1969.06             63.6
1969.07             63.9
1969.08             64.1
1969.09             64.1
1969.10             64.1
1969.11             63.5
1969.12             63.3
1970.01             62.1
1970.02             62.1
1970.03             62.0
1970.04             61.9
1970.05             61.8
1970.06             61.6
1970.07             61.7
1970.08             61.6
1970.09             61.2
1970.10             60.0
1970.11             59.6
1970.12             61.0
1971.01             61.5
1971.02             61.3
1971.03             61.3
1971.04             61.6
1971.05             61.9
1971.06             62.2
1971.07             62.0
1971.08             61.7
1971.09             62.7
1971.10             63.1
1971.11             63.4
1971.12             64.1
1972.01             65.6
1972.02             66.0
1972.03             66.5
1972.04             67.6
1972.05             67.5
1972.06             67.7
1972.07             67.6
1972.08             68.5
1972.09             69.2
1972.10             70.2
1972.11             71.1
1972.12             71.7
1973.01             71.8
1973.02             72.8
1973.03             72.8
1973.04             73.0
1973.05             73.4
1973.06             73.9
1973.07             74.4
1973.08             74.3
1973.09             74.9
1973.10             75.2
1973.11             75.2
1973.12             74.0
1974.01             73.0
1974.02             72.7
1974.03             73.0
1974.04             72.9
1974.05             73.8
1974.06             74.0
1974.07             73.6
1974.08             73.4
1974.09             73.7
1974.10             73.2
1974.11             71.1
1974.12             68.1
1975.01             66.3
1975.02             65.3
1975.03             64.1
1975.04             64.7
1975.05             64.5
1975.06             65.3
1975.07             65.7
1975.08             66.9
1975.09             67.6
1975.10             67.9
1975.11             68.6
1975.12             69.1
1976.01             69.9
1976.02             71.1
1976.03             70.9
1976.04             71.2
1976.05             72.0
1976.06             72.1
1976.07             72.5
1976.08             72.9
1976.09             73.1
1976.10             73.4
1976.11             74.6
1976.12             75.2
1977.01             75.5
1977.02             75.9
1977.03             76.6
1977.04             77.7
1977.05             78.3
1977.06             78.9
1977.07             78.9
1977.08             79.0
1977.09             79.4
1977.10             79.4
1977.11             79.5
1977.12             79.1
1978.01             78.8
1978.02             79.0
1978.03             80.0
1978.04             82.0
1978.05             82.3
1978.06             83.1
1978.07             83.3
1978.08             83.6
1978.09             84.1
1978.10             84.5
1978.11             85.2
1978.12             85.4
1979.01             85.1
1979.02             85.8
1979.03             86.1
1979.04             85.2
1979.05             86.2
1979.06             86.1
1979.07             85.6
1979.08             85.3
1979.09             85.5
1979.10             86.0
1979.11             85.7
1979.12             85.6
1980.01             86.0
1980.02             86.2
1980.03             86.2
1980.04             84.5
1980.05             82.5
1980.06             81.5
1980.07             81.2
1980.08             82.4
1980.09             83.5
1980.10             84.0
1980.11             85.5
1980.12             85.9
1981.01             85.2
1981.02             85.4
1981.03             85.7
1981.04             85.0
1981.05             85.6
1981.06             86.1
1981.07             87.1
1981.08             86.9
1981.09             86.5
1981.10             85.8
1981.11             84.8
1981.12             84.1
1982.01             82.4
1982.02             84.2
1982.03             83.7
1982.04             83.2
1982.05             82.7
1982.06             82.4
1982.07             82.0
1982.08             81.6
1982.09             81.0
1982.10             80.3
1982.11             80.0
1982.12             79.3
1983.01             80.8
1983.02             80.7
1983.03             81.3
1983.04             82.3
1983.05             83.2
1983.06             83.7
1983.07             85.3
1983.08             86.5
1983.09             87.9
1983.10             88.6
1983.11             88.8
1983.12             89.2
1984.01             91.0
1984.02             90.9
1984.03             91.9
1984.04             92.4
1984.05             93.0
1984.06             93.5
1984.07             93.9
1984.08             94.0
1984.09             93.9
1984.10             93.2
1984.11             93.3
1984.12             92.8
1985.01             93.1
1985.02             93.8
1985.03             94.1
1985.04             94.5
1985.05             94.7
1985.06             94.4
1985.07             94.1
1985.08             94.5
1985.09             95.0
1985.10             94.2
1985.11             94.6
1985.12             95.6
1986.01             96.1
1986.02             95.5
1986.03             94.6
1986.04             94.8
1986.05             94.7
1986.06             94.3
1986.07             94.8
1986.08             94.9
1986.09             95.0
1986.10             95.6
1986.11             96.3
1986.12             96.8
1987.01             96.5
1987.02             97.9
1987.03             98.2
1987.04             98.8
1987.05             99.4
1987.06            100.3
1987.07            100.6
1987.08            100.9
1987.09            100.7
1987.10            102.1
1987.11            102.2
1987.12            102.8
1988.01            103.2
1988.02            103.4
1988.03            103.4
1988.04            104.3
1988.05            104.0
1988.06            104.0
1988.07            104.6
1988.08            105.2
1988.09            104.7
1988.10            105.0
1988.11            105.6
1988.12            106.3
1989.01            106.6
1989.02            106.2
1989.03            107.1
1989.04            107.1
1989.05            106.7
1989.06            106.4
1989.07            105.3
1989.08            105.8
1989.09            105.4
1989.10            105.0
1989.11            105.4
1989.12            106.1
1990.01            105.5
1990.02            106.1
1990.03            106.4
1990.04            105.7
1990.05            106.5
1990.06            106.7
1990.07            106.5
1990.08            106.8
1990.09            106.8
1990.10            106.3
1990.11            105.0
1990.12            104.5
1991.01            104.0
1991.02            103.1
1991.03            102.1
1991.04            102.6
1991.05            103.5
1991.06            104.4
1991.07            104.7
1991.08            104.8
1991.09            105.7
1991.10            105.6
1991.11            105.6
1991.12            105.2
1992.01            104.9
1992.02            105.8
1992.03            106.4
1992.04            106.9
1992.05            107.5
1992.06            107.2
1992.07            108.1
1992.08            108.0
1992.09            108.2
1992.10            108.8
1992.11            109.9
1992.12            110.4
1993.01            110.6
1993.02            111.3
1993.03            111.4
1993.04            111.4
1993.05            111.1
1993.06            111.5
1993.07            112.0
1993.08            112.2
1993.09            112.5
1993.10            112.7
1993.11            113.7
1993.12            114.7
1994.01            114.7
1994.02            115.6
1994.03            116.6
1994.04            116.7
1994.05            117.4
1994.06            118.0
1994.07            118.2
1994.08            119.1
1994.09            119.0
1994.10            119.5
1994.11            120.3
1994.12            121.7
1995.01            122.0
1995.02            122.1
1995.03            122.0
1995.04            121.1
1995.05            120.9
1995.06            121.0
