1959.01     374.400
1959.02     374.800
1959.03     376.200
1959.04     377.600
1959.05     380.600
1959.06     383.100
1959.07     385.700
1959.08     387.700
1959.09     388.100
1959.10     388.400
1959.11     389.000
1959.12     388.600
1960.01     389.900
1960.02     390.700
1960.03     391.600
1960.04     392.300
1960.05     392.700
1960.06     394.300
1960.07     396.400
1960.08     398.200
1960.09     400.200
1960.10     401.500
1960.11     402.500
1960.12     403.600
1961.01     406.000
1961.02     408.200
1961.03     409.700
1961.04     411.900
1961.05     414.600
1961.06     416.500
1961.07     418.800
1961.08     420.600
1961.09     422.400
1961.10     425.100
1961.11     428.100
1961.12     430.800
1962.01     433.700
1962.02     436.500
1962.03     440.200
1962.04     443.500
1962.05     445.800
1962.06     448.300
1962.07     450.300
1962.08     453.100
1962.09     455.500
1962.10     457.500
1962.11     462.000
1962.12     466.100
1963.01     468.900
1963.02     472.600
1963.03     475.500
1963.04     478.100
1963.05     481.600
1963.06     483.900
1963.07     486.800
1963.08     490.800
1963.09     494.600
1963.10     497.000
1963.11     501.500
1963.12     503.800
1964.01     506.300
1964.02     508.800
1964.03     511.000
1964.04     513.700
1964.05     517.100
1964.06     520.700
1964.07     523.600
1964.08     526.200
1964.09     530.800
1964.10     534.500
1964.11     537.700
1964.12     540.400
1965.01     543.700
1965.02     546.700
1965.03     550.200
1965.04     553.700
1965.05     556.500
1965.06     560.600
1965.07     564.900
1965.08     568.400
1965.09     572.300
1965.10     576.700
1965.11     580.800
1965.12     584.400
1966.01     588.500
1966.02     591.200
1966.03     594.100
1966.04     598.300
1966.05     600.300
1966.06     601.900
1966.07     602.400
1966.08     604.100
1966.09     607.100
1966.10     608.800
1966.11     611.400
1966.12     614.700
1967.01     618.200
1967.02     622.200
1967.03     627.400
1967.04     629.900
1967.05     634.100
1967.06     638.800
1967.07     643.100
1967.08     648.900
1967.09     653.800
1967.10     658.300
1967.11     662.100
1967.12     666.500
1968.01     671.900
1968.02     676.100
1968.03     680.100
1968.04     684.400
1968.05     688.900
1968.06     694.500
1968.07     700.900
1968.08     707.400
1968.09     712.900
1968.10     719.300
1968.11     724.000
1968.12     728.900
1969.01     733.000
1969.02     736.500
1969.03     740.200
1969.04     743.700
1969.05     744.300
1969.06     746.700
1969.07     746.700
1969.08     747.500
1969.09     750.900
1969.10     753.300
1969.11     759.300
1969.12     763.500
1970.01     766.000
1970.02     766.000
1970.03     768.700
1970.04     772.400
1970.05     776.600
1970.06     779.800
1970.07     787.000
1970.08     794.000
1970.09     800.100
1970.10     806.000
1970.11     810.600
1970.12     816.200
1971.01     823.200
1971.02     831.000
1971.03     838.400
1971.04     845.000
1971.05     851.900
1971.06     858.900
1971.07     868.800
1971.08     875.000
1971.09     881.100
1971.10     888.100
1971.11     895.100
1971.12     902.900
1972.01     911.300
1972.02     921.100
1972.03     929.700
1972.04     937.800
1972.05     945.800
1972.06     955.100
1972.07     965.500
1972.08     976.900
1972.09     987.000
1972.10     997.900
1972.11    1010.600
1972.12    1022.900
1973.01    1034.400
1973.02    1045.600
1973.03    1054.800
1973.04    1064.600
1973.05    1076.300
1973.06    1087.500
1973.07    1098.300
1973.08    1108.900
1973.09    1117.100
1973.10    1125.900
1973.11    1134.000
1973.12    1142.400
1974.01    1153.600
1974.02    1166.100
1974.03    1176.000
1974.04    1186.800
1974.05    1196.400
1974.06    1205.900
1974.07    1213.300
1974.08    1220.700
1974.09    1229.900
1974.10    1237.600
1974.11    1242.900
1974.12    1250.100
1975.01    1255.600
1975.02    1260.100
1975.03    1268.200
1975.04    1275.400
1975.05    1287.200
1975.06    1299.900
1975.07    1309.800
1975.08    1320.600
1975.09    1333.100
1975.10    1343.700
1975.11    1358.200
1975.12    1366.900
1976.01    1380.100
1976.02    1393.900
1976.03    1404.600
1976.04    1416.900
1976.05    1430.300
1976.06    1440.300
1976.07    1452.300
1976.08    1463.500
1976.09    1472.100
1976.10    1487.500
1976.11    1500.500
1976.12    1516.600
1977.01    1530.300
1977.02    1545.900
1977.03    1560.400
1977.04    1575.600
1977.05    1589.900
1977.06    1604.400
1977.07    1621.500
1977.08    1638.100
1977.09    1653.200
1977.10    1669.700
1977.11    1687.800
1977.12    1705.300
1978.01    1723.300
1978.02    1736.100
1978.03    1751.100
1978.04    1767.800
1978.05    1783.700
1978.06    1795.400
1978.07    1812.500
1978.08    1828.700
1978.09    1847.700
1978.10    1865.100
1978.11    1887.900
1978.12    1910.600
1979.01    1925.200
1979.02    1940.200
1979.03    1961.500
1979.04    1983.700
1979.05    1999.200
1979.06    2026.900
1979.07    2047.100
1979.08    2063.900
1979.09    2089.600
1979.10    2104.200
1979.11    2106.700
1979.12    2116.900
1980.01    2136.000
1980.02    2157.200
1980.03    2170.800
1980.04    2180.800
1980.05    2193.500
1980.06    2204.500
1980.07    2220.900
1980.08    2243.500
1980.09    2260.400
1980.10    2279.000
1980.11    2305.400
1980.12    2325.600
1981.01    2358.100
1981.02    2380.600
1981.03    2393.900
1981.04    2412.800
1981.05    2432.800
1981.06    2453.400
1981.07    2478.400
1981.08    2501.900
1981.09    2527.200
1981.10    2553.500
1981.11    2579.200
1981.12    2599.400
1982.01    2629.300
1982.02    2649.600
1982.03    2671.400
1982.04    2695.000
1982.05    2712.800
1982.06    2731.400
1982.07    2751.500
1982.08    2776.100
1982.09    2789.300
1982.10    2818.900
1982.11    2833.100
1982.12    2850.500
1983.01    2885.400
1983.02    2912.200
1983.03    2934.700
1983.04    2962.500
1983.05    2979.300
1983.06    3000.000
1983.07    3026.300
1983.08    3049.300
1983.09    3068.300
1983.10    3085.000
1983.11    3114.200
1983.12    3146.300
1984.01    3173.800
1984.02    3203.000
1984.03    3244.200
1984.04    3283.200
1984.05    3318.300
1984.06    3353.700
1984.07    3390.600
1984.08    3413.600
1984.09    3448.900
1984.10    3473.700
1984.11    3496.800
1984.12    3523.000
1985.01    3547.500
1985.02    3580.600
1985.03    3607.800
1985.04    3617.600
1985.05    3631.000
1985.06    3660.400
1985.07    3679.400
1985.08    3706.600
1985.09    3731.400
1985.10    3755.600
1985.11    3792.400
1985.12    3827.500
1986.01    3850.200
1986.02    3869.900
1986.03    3895.500
1986.04    3921.800
1986.05    3948.400
1986.06    3968.900
1986.07    4000.700
1986.08    4027.100
1986.09    4054.800
1986.10    4075.900
1986.11    4097.600
1986.12    4129.100
1987.01    4157.100
1987.02    4169.100
1987.03    4168.500
1987.04    4180.700
1987.05    4209.300
1987.06    4227.200
1987.07    4230.000
1987.08    4257.800
1987.09    4290.300
1987.10    4323.000
1987.11    4334.400
1987.12    4334.800
1988.01    4370.200
1988.02    4397.800
1988.03    4427.400
1988.04    4469.800
1988.05    4505.700
1988.06    4522.700
1988.07    4559.000
1988.08    4577.800
1988.09    4587.900
1988.10    4610.200
1988.11    4639.800
1988.12    4670.100
1989.01    4681.400
1989.02    4697.800
1989.03    4722.100
1989.04    4750.400
1989.05    4759.600
1989.06    4781.500
1989.07    4806.500
1989.08    4827.900
1989.09    4841.600
1989.10    4860.400
1989.11    4875.500
1989.12    4896.500
1990.01    4899.200
1990.02    4900.700
1990.03    4914.800
1990.04    4927.100
1990.05    4915.900
1990.06    4935.300
1990.07    4941.500
1990.08    4948.100
1990.09    4972.100
1990.10    4970.500
1990.11    4961.600
1990.12    4973.500
1991.01    4997.800
1991.02    5010.800
1991.03    5007.800
1991.04    4982.700
1991.05    4964.600
1991.06    4987.300
1991.07    4998.100
1991.08    4988.800
1991.09    4977.500
1991.10    4978.200
1991.11    4990.000
1991.12    4990.900
1992.01    4986.500
1992.02    5012.300
1992.03    5027.800
1992.04    5021.700
1992.05    5015.400
1992.06    5024.400
1992.07    5021.300
1992.08    5039.700
1992.09    5058.300
1992.10    5058.400
1992.11    5066.300
1992.12    5061.100
1993.01    5043.200
1993.02    5044.400
1993.03    5049.500
1993.04    5062.400
1993.05    5098.700
1993.06    5105.000
1993.07    5099.800
1993.08    5112.400
1993.09    5110.400
1993.10    5118.900
1993.11    5131.700
1993.12    5150.300
1994.01    5165.400
1994.02    5162.600
1994.03    5165.500
1994.04    5181.900
1994.05    5190.400
1994.06    5188.500
1994.07    5213.300
1994.08    5214.600
1994.09    5220.300
1994.10    5238.700
1994.11    5247.600
1994.12    5292.600
1995.01    5319.700
1995.02    5361.600
1995.03    5405.800
1995.04    5450.400
1995.05    5482.600
