1959.01     377.500
1959.02     375.700
1959.03     375.700
1959.04     378.300
1959.05     379.300
1959.06     381.500
1959.07     384.600
1959.08     386.400
1959.09     386.800
1959.10     387.800
1959.11     389.000
1959.12     390.700
1960.01     393.000
1960.02     391.900
1960.03     391.400
1960.04     393.300
1960.05     391.500
1960.06     392.800
1960.07     395.400
1960.08     396.900
1960.09     398.900
1960.10     400.900
1960.11     402.600
1960.12     405.700
1961.01     409.000
1961.02     409.400
1961.03     409.500
1961.04     413.000
1961.05     413.400
1961.06     415.100
1961.07     417.700
1961.08     419.200
1961.09     421.000
1961.10     424.400
1961.11     428.000
1961.12     432.800
1962.01     436.800
1962.02     437.700
1962.03     440.200
1962.04     444.800
1962.05     444.700
1962.06     446.900
1962.07     449.000
1962.08     451.500
1962.09     453.800
1962.10     456.600
1962.11     461.900
1962.12     468.000
1963.01     472.200
1963.02     473.900
1963.03     475.900
1963.04     479.700
1963.05     480.600
1963.06     482.500
1963.07     485.100
1963.08     488.800
1963.09     492.500
1963.10     496.000
1963.11     501.400
1963.12     505.800
1964.01     509.900
1964.02     510.100
1964.03     511.600
1964.04     515.600
1964.05     516.100
1964.06     519.300
1964.07     521.700
1964.08     524.100
1964.09     528.700
1964.10     533.500
1964.11     537.700
1964.12     542.700
1965.01     547.800
1965.02     547.800
1965.03     550.800
1965.04     555.700
1965.05     555.200
1965.06     559.100
1965.07     562.800
1965.08     566.100
1965.09     570.200
1965.10     575.800
1965.11     580.700
1965.12     587.000
1966.01     592.800
1966.02     592.100
1966.03     594.800
1966.04     600.700
1966.05     598.700
1966.06     600.200
1966.07     600.200
1966.08     601.600
1966.09     605.100
1966.10     607.800
1966.11     611.500
1966.12     617.400
1967.01     622.100
1967.02     622.600
1967.03     628.100
1967.04     632.400
1967.05     632.300
1967.06     637.200
1967.07     641.200
1967.08     646.600
1967.09     652.100
1967.10     657.300
1967.11     662.200
1967.12     669.500
1968.01     675.700
1968.02     675.900
1968.03     681.100
1968.04     687.200
1968.05     687.400
1968.06     693.000
1968.07     698.800
1968.08     704.900
1968.09     711.100
1968.10     718.000
1968.11     724.100
1968.12     731.900
1969.01     736.800
1969.02     736.100
1969.03     741.600
1969.04     747.000
1969.05     743.300
1969.06     745.300
1969.07     744.800
1969.08     745.000
1969.09     748.800
1969.10     751.600
1969.11     759.000
1969.12     765.900
1970.01     768.400
1970.02     764.600
1970.03     770.900
1970.04     777.600
1970.05     776.500
1970.06     780.200
1970.07     786.500
1970.08     792.600
1970.09     797.800
1970.10     803.500
1970.11     808.400
1970.12     816.900
1971.01     826.000
1971.02     829.000
1971.03     839.900
1971.04     850.300
1971.05     851.700
1971.06     859.700
1971.07     868.900
1971.08     873.700
1971.09     878.900
1971.10     885.900
1971.11     892.400
1971.12     903.500
1972.01     913.600
1972.02     918.400
1972.03     931.000
1972.04     943.200
1972.05     945.400
1972.06     956.400
1972.07     966.300
1972.08     975.700
1972.09     984.800
1972.10     995.700
1972.11    1007.900
1972.12    1023.600
1973.01    1036.300
1973.02    1042.400
1973.03    1056.100
1973.04    1070.000
1973.05    1075.500
1973.06    1088.500
1973.07    1099.100
1973.08    1108.000
1973.09    1115.500
1973.10    1124.500
1973.11    1131.800
1973.12    1143.500
1974.01    1155.600
1974.02    1162.100
1974.03    1176.800
1974.04    1191.900
1974.05    1195.400
1974.06    1206.400
1974.07    1214.500
1974.08    1220.400
1974.09    1228.600
1974.10    1236.700
1974.11    1241.300
1974.12    1251.600
1975.01    1257.500
1975.02    1255.200
1975.03    1267.900
1975.04    1280.800
1975.05    1286.000
1975.06    1300.600
1975.07    1311.900
1975.08    1319.700
1975.09    1330.800
1975.10    1342.600
1975.11    1357.000
1975.12    1369.400
1976.01    1382.600
1976.02    1388.400
1976.03    1404.100
1976.04    1423.200
1976.05    1428.600
1976.06    1440.200
1976.07    1454.500
1976.08    1461.800
1976.09    1469.400
1976.10    1486.700
1976.11    1499.400
1976.12    1519.600
1977.01    1532.900
1977.02    1539.700
1977.03    1559.300
1977.04    1582.900
1977.05    1587.900
1977.06    1604.800
1977.07    1623.700
1977.08    1635.700
1977.09    1650.100
1977.10    1669.100
1977.11    1687.300
1977.12    1709.800
1978.01    1726.800
1978.02    1729.700
1978.03    1749.600
1978.04    1774.800
1978.05    1780.800
1978.06    1794.700
1978.07    1813.900
1978.08    1826.000
1978.09    1844.600
1978.10    1864.800
1978.11    1888.800
1978.12    1916.800
1979.01    1929.500
1979.02    1934.300
1979.03    1959.900
1979.04    1990.100
1979.05    1996.300
1979.06    2025.200
1979.07    2046.800
1979.08    2060.400
1979.09    2086.200
1979.10    2104.200
1979.11    2108.600
1979.12    2124.200
1980.01    2141.100
1980.02    2151.900
1980.03    2169.300
1980.04    2186.100
1980.05    2190.400
1980.06    2202.300
1980.07    2220.000
1980.08    2239.900
1980.09    2256.800
1980.10    2279.700
1980.11    2307.600
1980.12    2333.100
1981.01    2363.500
1981.02    2376.100
1981.03    2392.900
1981.04    2417.600
1981.05    2428.300
1981.06    2450.100
1981.07    2476.800
1981.08    2498.900
1981.09    2523.800
1981.10    2554.500
1981.11    2581.700
1981.12    2606.900
1982.01    2635.300
1982.02    2645.800
1982.03    2671.400
1982.04    2698.700
1982.05    2706.500
1982.06    2728.500
1982.07    2750.200
1982.08    2773.300
1982.09    2785.500
1982.10    2819.700
1982.11    2835.500
1982.12    2859.300
1983.01    2892.400
1983.02    2907.900
1983.03    2935.700
1983.04    2966.800
1983.05    2970.600
1983.06    2997.700
1983.07    3025.800
1983.08    3046.200
1983.09    3063.400
1983.10    3084.200
1983.11    3116.400
1983.12    3156.700
1984.01    3182.600
1984.02    3198.900
1984.03    3246.300
1984.04    3286.000
1984.05    3306.600
1984.06    3351.900
1984.07    3388.800
1984.08    3410.200
1984.09    3444.300
1984.10    3472.600
1984.11    3500.000
1984.12    3534.200
1985.01    3558.500
1985.02    3576.900
1985.03    3610.000
1985.04    3619.100
1985.05    3617.800
1985.06    3657.900
1985.07    3676.000
1985.08    3702.700
1985.09    3727.000
1985.10    3754.300
1985.11    3797.000
1985.12    3840.100
1986.01    3864.400
1986.02    3867.200
1986.03    3896.200
1986.04    3922.500
1986.05    3933.700
1986.06    3966.200
1986.07    3995.400
1986.08    4022.500
1986.09    4050.500
1986.10    4074.500
1986.11    4104.100
1986.12    4143.700
1987.01    4174.300
1987.02    4165.200
1987.03    4166.900
1987.04    4183.700
1987.05    4194.700
1987.06    4223.400
1987.07    4224.500
1987.08    4253.300
1987.09    4285.900
1987.10    4320.800
1987.11    4341.200
1987.12    4349.000
1988.01    4388.000
1988.02    4394.800
1988.03    4426.000
1988.04    4474.200
1988.05    4490.100
1988.06    4517.500
1988.07    4552.400
1988.08    4572.900
1988.09    4582.600
1988.10    4606.000
1988.11    4645.700
1988.12    4684.800
1989.01    4699.100
1989.02    4696.200
1989.03    4723.600
1989.04    4757.400
1989.05    4743.000
1989.06    4774.000
1989.07    4799.000
1989.08    4822.400
1989.09    4835.000
1989.10    4853.900
1989.11    4883.300
1989.12    4914.600
1990.01    4916.800
1990.02    4900.200
1990.03    4920.300
1990.04    4936.700
1990.05    4897.000
1990.06    4926.000
1990.07    4931.900
1990.08    4941.800
1990.09    4962.700
1990.10    4961.600
1990.11    4971.500
1990.12    4995.100
1991.01    5014.600
1991.02    5010.000
1991.03    5015.700
1991.04    4994.200
1991.05    4945.900
1991.06    4977.600
1991.07    4987.200
1991.08    4981.300
1991.09    4965.600
1991.10    4968.200
1991.11    5002.200
1991.12    5015.500
1992.01    5003.600
1992.02    5009.900
1992.03    5034.200
1992.04    5033.800
1992.05    4996.300
1992.06    5013.800
1992.07    5009.300
1992.08    5030.400
1992.09    5042.700
1992.10    5048.600
1992.11    5082.200
1992.12    5090.800
1993.01    5063.000
1993.02    5040.100
1993.03    5053.300
1993.04    5074.500
1993.05    5078.900
1993.06    5093.400
1993.07    5087.300
1993.08    5101.300
1993.09    5092.600
1993.10    5110.200
1993.11    5151.200
1993.12    5184.900
1994.01    5187.100
1994.02    5155.500
1994.03    5165.900
1994.04    5193.800
1994.05    5170.200
1994.06    5177.100
1994.07    5200.800
1994.08    5203.400
1994.09    5201.000
1994.10    5229.800
1994.11    5269.700
1994.12    5330.300
1995.01    5342.700
1995.02    5353.300
1995.03    5405.100
1995.04    5460.500
1995.05    5461.300
