1919.01       5.890
1919.02       5.980
1919.03       6.020
1919.04       6.010
1919.05       5.950
1919.06       5.970
1919.07       6.010
1919.08       6.090
1919.09       6.020
1919.10       6.000
1919.11       6.120
1919.12       6.240
1920.01       6.280
1920.02       6.430
1920.03       6.480
1920.04       6.720
1920.05       7.100
1920.06       7.050
1920.07       7.090
1920.08       7.220
1920.09       6.910
1920.10       6.470
1920.11       6.630
1920.12       6.870
1921.01       6.660
1921.02       6.720
1921.03       6.710
1921.04       6.670
1921.05       6.680
1921.06       6.710
1921.07       6.700
1921.08       6.650
1921.09       6.520
1921.10       6.150
1921.11       5.910
1921.12       5.690
1922.01       5.670
1922.02       5.730
1922.03       5.610
1922.04       5.450
1922.05       5.420
1922.06       5.400
1922.07       5.270
1922.08       5.250
1922.09       5.330
1922.10       5.470
1922.11       5.510
1922.12       5.500
1923.01       5.500
1923.02       5.510
1923.03       5.580
1923.04       5.590
1923.05       5.560
1923.06       5.530
1923.07       5.530
1923.08       5.540
1923.09       5.550
1923.10       5.600
1923.11       5.560
1923.12       5.540
1924.01       5.470
1924.02       5.450
1924.03       5.450
1924.04       5.390
1924.05       5.280
1924.06       5.070
1924.07       5.020
1924.08       4.980
1924.09       4.990
1924.10       4.930
1924.11       4.970
1924.12       5.040
1925.01       5.040
1925.02       5.030
1925.03       5.040
1925.04       5.000
1925.05       4.930
1925.06       4.830
1925.07       4.830
1925.08       4.900
1925.09       4.900
1925.10       4.860
1925.11       4.830
1925.12       4.840
1926.01       4.800
1926.02       4.720
1926.03       4.720
1926.04       4.710
1926.05       4.670
1926.06       4.670
1926.07       4.690
1926.08       4.710
1926.09       4.710
1926.10       4.690
1926.11       4.610
1926.12       4.530
1927.01       4.470
1927.02       4.430
1927.03       4.290
1927.04       4.270
1927.05       4.210
1927.06       4.250
1927.07       4.280
1927.08       4.230
1927.09       4.200
1927.10       4.190
1927.11       4.110
1927.12       4.040
1928.01       4.050
1928.02       4.060
1928.03       4.040
1928.04       4.070
1928.05       4.130
1928.06       4.190
1928.07       4.350
1928.08       4.430
1928.09       4.410
1928.10       4.420
1928.11       4.300
1928.12       4.390
1929.01       4.480
1929.02       4.610
1929.03       4.760
1929.04       4.630
1929.05       4.630
1929.06       4.700
1929.07       4.630
1929.08       4.720
1929.09       4.710
1929.10       4.600
1929.11       4.270
1929.12       4.280
1930.01       4.370
1930.02       4.340
1930.03       4.190
1930.04       4.290
1930.05       4.210
1930.06       4.140
1930.07       4.140
1930.08       4.150
1930.09       4.130
1930.10       4.090
1930.11       4.060
1930.12       4.100
1931.01       4.070
1931.02       4.200
1931.03       4.160
1931.04       4.150
1931.05       4.020
1931.06       3.980
1931.07       4.010
1931.08       4.050
1931.09       4.140
1931.10       4.620
1931.11       4.620
1931.12       5.000
1932.01       5.420
1932.02       5.230
1932.03       4.990
1932.04       4.690
1932.05       4.790
1932.06       4.790
1932.07       4.560
1932.08       4.390
1932.09       4.350
1932.10       4.370
1932.11       4.390
1932.12       4.270
1933.01       4.100
1933.02       4.210
1933.03       4.350
1933.04       4.350
1933.05       4.200
1933.06       4.090
1933.07       4.070
1933.08       4.090
1933.09       4.060
1933.10       4.100
1933.11       4.410
1933.12       4.490
1934.01       4.460
1934.02       4.230
1934.03       4.070
1934.04       3.960
1934.05       3.840
1934.06       3.790
1934.07       3.720
1934.08       3.860
1934.09       4.070
1934.10       3.950
1934.11       3.910
1934.12       3.830
1935.01       3.670
1935.02       3.550
1935.03       3.530
1935.04       3.490
1935.05       3.460
1935.06       3.460
1935.07       3.420
1935.08       3.510
1935.09       3.630
1935.10       3.630
1935.11       3.600
1935.12       3.600
1936.01       3.560
1936.02       3.530
1936.03       3.450
1936.04       3.410
1936.05       3.390
1936.06       3.390
1936.07       3.370
1936.08       3.320
1936.09       3.310
1936.10       3.340
1936.11       3.220
1936.12       3.200
1937.01       3.140
1937.02       3.130
1937.03       3.310
1937.04       3.560
1937.05       3.510
1937.06       3.510
1937.07       3.460
1937.08       3.460
1937.09       3.530
1937.10       3.510
1937.11       3.450
1937.12       3.400
1938.01       3.370
1938.02       3.360
1938.03       3.360
1938.04       3.340
1938.05       3.200
1938.06       3.210
1938.07       3.210
1938.08       3.200
1938.09       3.280
1938.10       3.160
1938.11       3.180
1938.12       3.170
1939.01       3.140
1939.02       3.110
1939.03       2.980
1939.04       2.930
1939.05       2.760
1939.06       2.710
1939.07       2.750
1939.08       2.810
1939.09       3.370
1939.10       3.310
1939.11       3.130
1939.12       2.990
1940.01       2.930
1940.02       2.950
1940.03       2.860
1940.04       2.860
1940.05       3.030
1940.06       3.040
1940.07       2.900
1940.08       2.860
1940.09       2.780
1940.10       2.670
1940.11       2.510
1940.12       2.410
1941.01       2.530
1941.02       2.670
1941.03       2.560
1941.04       2.500
1941.05       2.440
1941.06       2.430
1941.07       2.420
1941.08       2.470
1941.09       2.470
1941.10       2.390
1941.11       2.340
1941.12       2.470
1942.01       2.480
1942.02       2.480
1942.03       2.460
1942.04       2.440
1942.05       2.450
1942.06       2.430
1942.07       2.460
1942.08       2.470
1942.09       2.460
1942.10       2.450
1942.11       2.470
1942.12       2.490
1943.01       2.460
1943.02       2.460
1943.03       2.480
1943.04       2.480
1943.05       2.460
1943.06       2.450
1943.07       2.450
1943.08       2.460
1943.09       2.480
1943.10       2.480
1943.11       2.480
1943.12       2.490
1944.01       2.490
1944.02       2.490
1944.03       2.480
1944.04       2.480
1944.05       2.490
1944.06       2.490
1944.07       2.490
1944.08       2.480
1944.09       2.470
1944.10       2.480
1944.11       2.480
1944.12       2.480
1945.01       2.440
1945.02       2.380
1945.03       2.400
1945.04       2.390
1945.05       2.390
1945.06       2.350
1945.07       2.340
1945.08       2.360
1945.09       2.370
1945.10       2.350
1945.11       2.330
1945.12       2.330
1946.01       2.210
1946.02       2.120
1946.03       2.090
1946.04       2.080
1946.05       2.190
1946.06       2.160
1946.07       2.180
1946.08       2.230
1946.09       2.280
1946.10       2.260
1946.11       2.250
1946.12       2.240
1947.01       2.210
1947.02       2.210
1947.03       2.190
1947.04       2.190
1947.05       2.190
1947.06       2.220
1947.07       2.250
1947.08       2.240
1947.09       2.240
1947.10       2.270
1947.11       2.360
1947.12       2.390
1948.01       2.450
1948.02       2.450
1948.03       2.440
1948.04       2.440
1948.05       2.420
1948.06       2.410
1948.07       2.410
1948.08       2.450
1948.09       2.450
1948.10       2.450
1948.11       2.440
1948.12       2.440
1949.01       2.420
1949.02       2.390
1949.03       2.380
1949.04       2.380
1949.05       2.380
1949.06       2.380
1949.07       2.270
1949.08       2.240
1949.09       2.220
1949.10       2.220
1949.11       2.200
1949.12       2.190
1950.01       2.200
1950.02       2.240
1950.03       2.270
1950.04       2.300
1950.05       2.310
1950.06       2.330
1950.07       2.340
1950.08       2.330
1950.09       2.360
1950.10       2.380
1950.11       2.380
1950.12       2.390
1951.01       2.390
1951.02       2.400
1951.03       2.470
1951.04       2.560
1951.05       2.630
1951.06       2.650
1951.07       2.630
1951.08       2.570
1951.09       2.560
1951.10       2.610
1951.11       2.660
1951.12       2.700
1952.01       2.740
1952.02       2.710
1952.03       2.700
1952.04       2.640
1952.05       2.570
1952.06       2.610
1952.07       2.610
1952.08       2.700
1952.09       2.710
1952.10       2.740
1952.11       2.710
1952.12       2.750
1953.01       2.800
1953.02       2.830
1953.03       2.890
1953.04       2.970
1953.05       3.120
1953.06       3.130
1953.07       3.040
1953.08       3.050
1953.09       3.010
1953.10       2.870
1953.11       2.860
1953.12       2.790
1954.01       2.690
1954.02       2.620
1954.03       2.530
1954.04       2.480
1954.05       2.540
1954.06       2.550
1954.07       2.470
1954.08       2.480
1954.09       2.520
1954.10       2.540
1954.11       2.570
1954.12       2.590
1955.01       2.680
1955.02       2.770
1955.03       2.780
1955.04       2.820
1955.05       2.810
1955.06       2.820
1955.07       2.910
1955.08       2.950
1955.09       2.920
1955.10       2.870
1955.11       2.890
1955.12       2.910
1956.01       2.880
1956.02       2.850
1956.03       2.930
1956.04       3.070
1956.05       2.970
1956.06       2.930
1956.07       3.000
1956.08       3.170
1956.09       3.210
1956.10       3.200
1956.11       3.300
1956.12       3.400
1957.01       3.340
1957.02       3.220
1957.03       3.260
1957.04       3.320
1957.05       3.400
1957.06       3.580
1957.07       3.600
1957.08       3.630
1957.09       3.660
1957.10       3.730
1957.11       3.570
1957.12       3.300
1958.01       3.240
1958.02       3.260
1958.03       3.250
1958.04       3.120
1958.05       3.140
1958.06       3.190
1958.07       3.360
1958.08       3.600
1958.09       3.750
1958.10       3.760
1958.11       3.700
1958.12       3.800
1959.01       3.900
1959.02       3.920
1959.03       3.920
1959.04       4.010
1959.05       4.080
1959.06       4.090
1959.07       4.110
1959.08       4.100
1959.09       4.260
1959.10       4.110
1959.11       4.120
1959.12       4.270
1960.01       4.370
1960.02       4.220
1960.03       4.080
1960.04       4.170
1960.05       4.160
1960.06       3.990
1960.07       3.860
1960.08       3.790
1960.09       3.820
1960.10       3.910
1960.11       3.930
1960.12       3.880
1961.01       3.890
1961.02       3.810
1961.03       3.780
1961.04       3.800
1961.05       3.730
1961.06       3.880
1961.07       3.900
1961.08       4.000
1961.09       4.020
1961.10       3.980
1961.11       3.980
1961.12       4.060
1962.01       4.080
1962.02       4.090
1962.03       4.010
1962.04       3.890
1962.05       3.880
1962.06       3.900
1962.07       4.020
1962.08       3.970
1962.09       3.940
1962.10       3.890
1962.11       3.870
1962.12       3.870
1963.01       3.880
1963.02       3.920
1963.03       3.930
1963.04       3.970
1963.05       3.970
1963.06       4.000
1963.07       4.010
1963.08       3.990
1963.09       4.040
1963.10       4.070
1963.11       4.100
1963.12       4.140
1964.01       4.150
1964.02       4.140
1964.03       4.180
1964.04       4.200
1964.05       4.160
1964.06       4.130
1964.07       4.130
1964.08       4.140
1964.09       4.160
1964.10       4.160
1964.11       4.120
1964.12       4.140
1965.01       4.140
1965.02       4.160
1965.03       4.150
1965.04       4.150
1965.05       4.140
1965.06       4.140
1965.07       4.150
1965.08       4.190
1965.09       4.250
1965.10       4.270
1965.11       4.340
1965.12       4.430
1966.01       4.430
1966.02       4.610
1966.03       4.630
1966.04       4.550
1966.05       4.570
1966.06       4.630
1966.07       4.740
1966.08       4.800
1966.09       4.790
1966.10       4.700
1966.11       4.740
1966.12       4.650
1967.01       4.400
1967.02       4.470
1967.03       4.450
1967.04       4.510
1967.05       4.760
1967.06       4.860
1967.07       4.860
1967.08       4.950
1967.09       4.990
1967.10       5.180
1967.11       5.440
1967.12       5.360
1968.01       5.180
1968.02       5.160
1968.03       5.390
1968.04       5.280
1968.05       5.400
1968.06       5.230
1968.07       5.090
1968.08       5.040
1968.09       5.090
1968.10       5.240
1968.11       5.360
1968.12       5.650
1969.01       5.740
1969.02       5.860
1969.03       6.050
1969.04       5.840
1969.05       5.850
1969.06       6.060
1969.07       6.070
1969.08       6.020
1969.09       6.320
1969.10       6.270
1969.11       6.510
1969.12       6.810
1970.01       6.860
1970.02       6.440
1970.03       6.390
1970.04       6.530
1970.05       6.940
1970.06       6.990
1970.07       6.570
1970.08       6.750
1970.09       6.630
1970.10       6.590
1970.11       6.240
1970.12       5.970
1971.01       5.910
1971.02       5.840
1971.03       5.710
1971.04       5.750
1971.05       5.960
1971.06       5.940
1971.07       5.910
1971.08       5.780
1971.09       5.560
1971.10       5.460
1971.11       5.440
1971.12       5.620
1972.01       5.620
1972.02       5.670
1972.03       5.660
1972.04       5.740
1972.05       5.640
1972.06       5.590
1972.07       5.570
1972.08       5.540
1972.09       5.700
1972.10       5.690
1972.11       5.500
1972.12       5.630
1973.01       5.940
1973.02       6.140
1973.03       6.200
1973.04       6.110
1973.05       6.220
1973.06       6.320
1973.07       6.530
1973.08       6.810
1973.09       6.420
1973.10       6.260
1973.11       6.310
1973.12       6.350
1974.01       6.560
1974.02       6.540
1974.03       6.810
1974.04       7.040
1974.05       7.070
1974.06       7.030
1974.07       7.180
1974.08       7.330
1974.09       7.300
1974.10       7.220
1974.11       6.930
1974.12       6.780
1975.01       6.680
1975.02       6.610
1975.03       6.730
1975.04       7.030
1975.05       6.990
1975.06       6.860
1975.07       6.890
1975.08       7.060
1975.09       7.290
1975.10       7.290
1975.11       7.210
1975.12       7.170
1976.01       6.940
1976.02       6.920
1976.03       6.870
1976.04       6.730
1976.05       6.990
1976.06       6.920
1976.07       6.850
1976.08       6.790
1976.09       6.700
1976.10       6.650
1976.11       6.620
1976.12       6.390
1977.01       6.680
1977.02       7.150
1977.03       7.200
1977.04       7.140
1977.05       7.170
1977.06       6.990
1977.07       6.970
1977.08       7.000
1977.09       6.940
1977.10       7.080
1977.11       7.140
1977.12       7.230
1978.01       7.500
1978.02       7.600
1978.03       7.630
1978.04       7.740
1978.05       7.870
1978.06       7.940
1978.07       8.090
1978.08       7.870
1978.09       7.820
1978.10       8.070
1978.11       8.160
1978.12       8.360
1979.01       8.430
1979.02       8.430
1979.03       8.450
1979.04       8.440
1979.05       8.550
1979.06       8.320
1979.07       8.350
1979.08       8.420
1979.09       8.680
1979.10       9.440
1979.11       9.800
1979.12       9.590
1980.01      10.030
1980.02      11.550
1980.03      11.870
1980.04      10.830
1980.05       9.820
1980.06       9.400
1980.07       9.830
1980.08      10.530
1980.09      10.940
1980.10      11.200
1980.11      11.830
1980.12      11.890
1981.01      11.650
1981.02      12.230
1981.03      12.150
1981.04      12.620
1981.05      12.960
1981.06      12.390
1981.07      13.050
1981.08      13.610
1981.09      14.140
1981.10      14.130
1981.11      12.680
1981.12      12.880
1982.01      13.730
1982.02      13.630
1982.03      12.980
1982.04      12.840
1982.05      12.670
1982.06      13.320
1982.07      12.970
1982.08      12.150
1982.09      11.480
1982.10      10.510
1982.11      10.180
1982.12      10.330
1983.01      10.370
1983.02      10.600
1983.03      10.340
1983.04      10.190
1983.05      10.210
1983.06      10.640
1983.07      11.100
1983.08      11.420
1983.09      11.260
1983.10      11.210
1983.11      11.320
1983.12      11.440
1984.01      11.290
1984.02      11.440
1984.03      11.900
1984.04      12.170
1984.05      12.890
1984.06      13.000
1984.07      12.820
1984.08      12.230
1984.09      11.970
1984.10      11.660
1984.11      11.250
1984.12      11.210
1985.01      11.150
1985.02      11.350
1985.03      11.780
1985.04      11.420
1985.05      10.960
1985.06      10.360
1985.07      10.510
1985.08      10.600
1985.09      10.670
1985.10      10.560
1985.11      10.080
1985.12       9.600
1986.01       9.510
1986.02       9.070
1986.03       8.130
1986.04       7.590
1986.05       8.020
1986.06       8.230
1986.07       7.860
1986.08       7.720
1986.09       8.080
1986.10       8.040
1986.11       7.810
1986.12       7.670
1987.01       7.600
1987.02       7.690
1987.03       7.620
1987.04       8.310
1987.05       8.790
1987.06       8.630
1987.07       8.700
1987.08       8.970
1987.09       9.580
1987.10       9.610
1987.11       8.990
1987.12       9.120
1988.01       8.820
1988.02       8.410
1988.03       8.610
1988.04       8.910
1988.05       9.240
1988.06       9.040
1988.07       9.200
1988.08       9.330
1988.09       9.060
1988.10       8.890
1988.11       9.070
1988.12       9.130
1989.01       9.070
1989.02       9.160
1989.03       9.330
1989.04       9.180
1989.05       8.950
1989.06       8.400
1989.07       8.190
1989.08       8.260
1989.09       8.310
1989.10       8.150
1989.11       8.030
1989.12       8.020
1990.01       8.390
1990.02       8.660
1990.03       8.740
1990.04       8.920
1990.05       8.900
1990.06       8.620
1990.07       8.640
1990.08       8.970
1990.09       9.110
1990.10       8.930
1990.11       8.600
1990.12       8.310
1991.01       8.330
1991.02       8.120
1991.03       8.380
1991.04       8.290
1991.05       8.330
1991.06       8.540
1991.07       8.500
1991.08       8.170
1991.09       7.960
1991.10       7.880
1991.11       7.830
1991.12       7.580
1992.01       7.480
1992.02       7.780
1992.03       7.930
1992.04       7.880
1992.05       7.800
1992.06       7.720
1992.07       7.400
1992.08       7.190
1992.09       7.080
1992.10       7.260
1992.11       7.430
1992.12       7.300
1993.01       7.170
1993.02       6.890
1993.03       6.650
1993.04       6.640
1993.05       6.680
1993.06       6.550
1993.07       6.340
1993.08       6.180
1993.09       5.940
1993.10       5.900
1993.11       6.250
1993.12       6.270
1994.01       6.240
1994.02       6.440
1994.03       6.900
1994.04       7.320
1994.05       7.470
1994.06       7.430
1994.07       7.610
1994.08       7.550
1994.09       7.810
1994.10       8.020
1994.11       8.160
1994.12       7.970
1995.01       7.930
1995.02       7.690
1995.03       7.520
1995.04       7.410
1995.05       6.990
1995.06       6.590
