1959.01     286.700
1959.02     287.800
1959.03     289.100
1959.04     290.100
1959.05     292.300
1959.06     293.900
1959.07     295.300
1959.08     296.400
1959.09     296.500
1959.10     296.600
1959.11     297.200
1959.12     297.800
1960.01     298.300
1960.02     298.500
1960.03     299.200
1960.04     300.100
1960.05     301.000
1960.06     302.200
1960.07     304.200
1960.08     306.800
1960.09     308.200
1960.10     309.600
1960.11     311.000
1960.12     312.300
1961.01     314.200
1961.02     316.600
1961.03     318.100
1961.04     319.900
1961.05     322.300
1961.06     324.100
1961.07     325.700
1961.08     327.600
1961.09     329.300
1961.10     331.200
1961.11     333.500
1961.12     335.500
1962.01     337.600
1962.02     340.200
1962.03     342.900
1962.04     345.600
1962.05     347.500
1962.06     349.100
1962.07     350.900
1962.08     352.800
1962.09     354.600
1962.10     357.300
1962.11     359.900
1962.12     362.700
1963.01     365.400
1963.02     368.000
1963.03     370.500
1963.04     373.300
1963.05     376.100
1963.06     378.200
1963.07     381.200
1963.08     383.600
1963.09     385.700
1963.10     388.400
1963.11     391.600
1963.12     393.200
1964.01     395.500
1964.02     397.700
1964.03     399.600
1964.04     401.800
1964.05     404.300
1964.06     406.800
1964.07     410.200
1964.08     413.400
1964.09     416.600
1964.10     419.200
1964.11     422.200
1964.12     424.800
1965.01     427.800
1965.02     430.400
1965.03     433.000
1965.04     435.500
1965.05     437.100
1965.06     439.800
1965.07     442.900
1965.08     445.700
1965.09     449.200
1965.10     452.800
1965.11     456.000
1965.12     459.300
1966.01     462.400
1966.02     464.500
1966.03     466.900
1966.04     469.400
1966.05     470.000
1966.06     470.900
1966.07     470.900
1966.08     472.600
1966.09     475.300
1966.10     476.000
1966.11     477.500
1966.12     480.000
1967.01     481.900
1967.02     484.900
1967.03     489.300
1967.04     492.200
1967.05     497.100
1967.06     501.900
1967.07     506.500
1967.08     511.000
1967.09     514.700
1967.10     518.500
1967.11     521.100
1967.12     524.300
1968.01     527.300
1968.02     530.100
1968.03     532.700
1968.04     535.800
1968.05     538.900
1968.06     542.500
1968.07     545.900
1968.08     549.800
1968.09     553.700
1968.10     558.000
1968.11     562.200
1968.12     566.300
1969.01     569.300
1969.02     571.600
1969.03     573.900
1969.04     576.000
1969.05     576.600
1969.06     578.400
1969.07     579.800
1969.08     580.500
1969.09     582.300
1969.10     583.800
1969.11     586.900
1969.12     589.500
1970.01     591.200
1970.02     588.600
1970.03     589.300
1970.04     590.400
1970.05     593.600
1970.06     597.100
1970.07     600.400
1970.08     606.100
1970.09     612.400
1970.10     617.600
1970.11     622.300
1970.12     628.100
1971.01     634.100
1971.02     642.600
1971.03     651.300
1971.04     660.500
1971.05     668.800
1971.06     674.800
1971.07     681.300
1971.08     687.500
1971.09     694.400
1971.10     700.400
1971.11     706.900
1971.12     712.700
1972.01     719.600
1972.02     728.100
1972.03     735.800
1972.04     741.300
1972.05     746.000
1972.06     752.700
1972.07     762.300
1972.08     771.900
1972.09     781.000
1972.10     789.600
1972.11     796.700
1972.12     805.200
1973.01     813.500
1973.02     817.800
1973.03     818.800
1973.04     823.300
1973.05     830.300
1973.06     837.200
1973.07     841.100
1973.08     843.700
1973.09     844.600
1973.10     848.500
1973.11     854.500
1973.12     861.000
1974.01     865.500
1974.02     870.300
1974.03     876.500
1974.04     879.200
1974.05     881.200
1974.06     884.600
1974.07     888.100
1974.08     891.100
1974.09     895.200
1974.10     900.200
1974.11     905.500
1974.12     908.500
1975.01     912.300
1975.02     920.100
1975.03     931.400
1975.04     941.500
1975.05     954.200
1975.06     969.300
1975.07     981.000
1975.08     989.700
1975.09     998.500
1975.10    1004.700
1975.11    1014.800
1975.12    1023.200
1976.01    1034.000
1976.02    1047.800
1976.03    1057.000
1976.04    1068.400
1976.05    1081.800
1976.06    1086.200
1976.07    1095.200
1976.08    1109.000
1976.09    1120.900
1976.10    1136.000
1976.11    1148.700
1976.12    1163.700
1977.01    1177.100
1977.02    1188.300
1977.03    1199.400
1977.04    1211.100
1977.05    1221.400
1977.06    1230.100
1977.07    1240.800
1977.08    1250.300
1977.09    1260.400
1977.10    1270.000
1977.11    1278.200
1977.12    1286.500
1978.01    1296.200
1978.02    1301.300
1978.03    1308.500
1978.04    1316.900
1978.05    1325.800
1978.06    1333.200
1978.07    1341.800
1978.08    1350.000
1978.09    1363.400
1978.10    1372.700
1978.11    1379.600
1978.12    1388.600
1979.01    1395.200
1979.02    1401.800
1979.03    1412.100
1979.04    1426.300
1979.05    1433.800
1979.06    1448.400
1979.07    1460.900
1979.08    1471.100
1979.09    1483.000
1979.10    1488.600
1979.11    1490.700
1979.12    1496.900
1980.01    1507.700
1980.02    1520.800
1980.03    1527.100
1980.04    1523.800
1980.05    1532.400
1980.06    1552.400
1980.07    1573.600
1980.08    1590.500
1980.09    1604.900
1980.10    1617.200
1980.11    1629.200
1980.12    1629.300
1981.01    1639.900
1981.02    1652.000
1981.03    1670.600
1981.04    1691.300
1981.05    1696.600
1981.06    1705.400
1981.07    1718.600
1981.08    1735.100
1981.09    1746.200
1981.10    1761.000
1981.11    1777.300
1981.12    1793.300
1982.01    1812.400
1982.02    1815.900
1982.03    1828.300
1982.04    1842.100
1982.05    1853.900
1982.06    1865.100
1982.07    1877.000
1982.08    1895.900
1982.09    1911.200
1982.10    1926.600
1982.11    1939.700
1982.12    1953.200
1983.01    2008.700
1983.02    2046.800
1983.03    2065.900
1983.04    2082.100
1983.05    2099.200
1983.06    2111.100
1983.07    2123.600
1983.08    2132.300
1983.09    2144.800
1983.10    2165.900
1983.11    2177.700
1983.12    2187.900
1984.01    2202.600
1984.02    2221.400
1984.03    2236.900
1984.04    2252.600
1984.05    2267.200
1984.06    2279.400
1984.07    2290.300
1984.08    2300.400
1984.09    2316.700
1984.10    2329.000
1984.11    2354.000
1984.12    2378.500
1985.01    2404.200
1985.02    2427.900
1985.03    2439.400
1985.04    2442.900
1985.05    2458.700
1985.06    2485.100
1985.07    2500.700
1985.08    2518.700
1985.09    2534.100
1985.10    2544.900
1985.11    2558.400
1985.12    2576.100
1986.01    2581.000
1986.02    2591.300
1986.03    2611.900
1986.04    2638.100
1986.05    2664.700
1986.06    2685.400
1986.07    2712.600
1986.08    2734.900
1986.09    2754.700
1986.10    2778.600
1986.11    2794.800
1986.12    2820.300
1987.01    2838.400
1987.02    2838.200
1987.03    2843.000
1987.04    2857.300
1987.05    2862.100
1987.06    2863.800
1987.07    2870.300
1987.08    2884.300
1987.09    2899.800
1987.10    2915.700
1987.11    2918.200
1987.12    2922.300
1988.01    2946.600
1988.02    2965.400
1988.03    2983.100
1988.04    3005.700
1988.05    3023.000
1988.06    3035.400
1988.07    3043.500
1988.08    3047.200
1988.09    3050.200
1988.10    3059.400
1988.11    3075.500
1988.12    3083.600
1989.01    3088.600
1989.02    3088.600
1989.03    3095.800
1989.04    3099.500
1989.05    3101.900
1989.06    3119.600
1989.07    3146.500
1989.08    3164.700
1989.09    3182.500
1989.10    3202.600
1989.11    3222.400
1989.12    3243.100
1990.01    3255.800
1990.02    3270.400
1990.03    3283.200
1990.04    3295.200
1990.05    3298.100
1990.06    3309.100
1990.07    3318.700
1990.08    3333.700
1990.09    3347.600
1990.10    3349.900
1990.11    3348.100
1990.12    3355.900
1991.01    3366.300
1991.02    3382.800
1991.03    3401.000
1991.04    3411.900
1991.05    3421.600
1991.06    3430.600
1991.07    3429.600
1991.08    3431.200
1991.09    3431.600
1991.10    3436.100
1991.11    3448.500
1991.12    3457.900
1992.01    3467.000
1992.02    3487.100
1992.03    3488.900
1992.04    3485.300
1992.05    3482.800
1992.06    3481.200
1992.07    3483.200
1992.08    3493.200
1992.09    3501.200
1992.10    3513.300
1992.11    3516.600
1992.12    3515.300
1993.01    3511.800
1993.02    3503.900
1993.03    3504.100
1993.04    3507.800
1993.05    3530.600
1993.06    3540.200
1993.07    3543.600
1993.08    3549.300
1993.09    3559.100
1993.10    3564.400
1993.11    3576.700
1993.12    3583.600
1994.01    3589.100
1994.02    3586.200
1994.03    3597.400
1994.04    3605.400
1994.05    3608.500
1994.06    3605.300
1994.07    3616.200
1994.08    3614.200
1994.09    3613.300
1994.10    3609.000
1994.11    3610.300
1994.12    3615.100
1995.01    3626.800
1995.02    3622.200
1995.03    3629.700
1995.04    3642.200
1995.05    3657.400
1995.06    3692.200
