1939.01    19.924
1939.02    19.933
1939.03    20.084
1939.04    19.882
1939.05    20.116
1939.06    20.331
1939.07    20.365
1939.08    20.402
1939.09    20.599
1939.10    20.703
1939.11    20.698
1939.12    20.741
1940.01    20.672
1940.02    20.740
1940.03    20.964
1940.04    20.929
1940.05    21.142
1940.06    21.240
1940.07    21.313
1940.08    21.413
1940.09    21.662
1940.10    21.882
1940.11    22.054
1940.12    22.402
1941.01    22.458
1941.02    22.502
1941.03    22.590
1941.04    22.654
1941.05    23.085
1941.06    23.287
1941.07    23.610
1941.08    23.836
1941.09    23.976
1941.10    23.989
1941.11    23.988
1941.12    24.078
1942.01    24.149
1942.02    24.076
1942.03    24.352
1942.04    24.560
1942.05    24.737
1942.06    24.796
1942.07    24.985
1942.08    25.182
1942.09    25.215
1942.10    25.256
1942.11    25.202
1942.12    25.231
1943.01    25.123
1943.02    25.146
1943.03    25.149
1943.04    25.118
1943.05    24.970
1943.06    24.969
1943.07    24.785
1943.08    24.560
1943.09    24.537
1943.10    24.505
1943.11    24.553
1943.12    24.538
1944.01    24.553
1944.02    24.544
1944.03    24.508
1944.04    24.468
1944.05    24.484
1944.06    24.506
1944.07    24.512
1944.08    24.512
1944.09    24.499
1944.10    24.489
1944.11    24.569
1944.12    24.590
1945.01    24.651
1945.02    24.727
1945.03    24.774
1945.04    24.572
1945.05    24.605
1945.06    24.722
1945.07    24.815
1945.08    24.850
1945.09    24.810
1945.10    24.843
1945.11    25.189
1945.12    25.393
1946.01    25.873
1946.02    26.141
1946.03    26.423
1946.04    26.428
1946.05    26.656
1946.06    26.801
1946.07    27.028
1946.08    27.289
1946.09    27.406
1946.10    27.509
1946.11    27.674
1946.12    27.722
1947.01    27.871
1947.02    27.933
1947.03    27.997
1947.04    27.905
1947.05    28.084
1947.06    28.237
1947.07    28.308
1947.08    28.378
1947.09    28.516
1947.10    28.636
1947.11    28.685
1947.12    28.811
1948.01    28.899
1948.02    28.830
1948.03    28.946
1948.04    28.841
1948.05    29.191
1948.06    29.336
1948.07    29.415
1948.08    29.442
1948.09    29.487
1948.10    29.476
1948.11    29.538
1948.12    29.645
1949.01    29.485
1949.02    29.440
1949.03    29.344
1949.04    29.511
1949.05    29.429
1949.06    29.294
1949.07    29.204
1949.08    29.212
1949.09    29.322
1949.10    28.827
1949.11    29.152
1949.12    29.234
1950.01    29.099
1950.02    28.838
1950.03    29.357
1950.04    29.622
1950.05    29.604
1950.06    29.819
1950.07    30.023
1950.08    30.338
1950.09    30.491
1950.10    30.543
1950.11    30.620
1950.12    30.657
1951.01    30.925
1951.02    31.087
1951.03    31.327
1951.04    31.244
1951.05    31.305
1951.06    31.398
1951.07    31.446
1951.08    31.441
1951.09    31.489
1951.10    31.579
1951.11    31.732
1951.12    31.756
1952.01    31.807
1952.02    32.021
1952.03    31.939
1952.04    31.987
1952.05    32.003
1952.06    31.994
1952.07    31.971
1952.08    32.103
1952.09    32.235
1952.10    32.396
1952.11    32.490
1952.12    32.575
1953.01    32.555
1953.02    32.674
1953.03    32.660
1953.04    32.548
1953.05    32.561
1953.06    32.594
1953.07    32.593
1953.08    32.602
1953.09    32.661
1953.10    32.740
1953.11    32.708
1953.12    32.674
1954.01    32.547
1954.02    32.623
1954.03    32.484
1954.04    32.622
1954.05    32.549
1954.06    32.564
1954.07    32.629
1954.08    32.633
1954.09    32.683
1954.10    32.688
1954.11    32.860
1954.12    32.950
1955.01    32.999
1955.02    33.050
1955.03    33.236
1955.04    33.352
1955.05    33.535
1955.06    33.721
1955.07    33.869
1955.08    33.932
1955.09    34.106
1955.10    34.193
1955.11    34.292
1955.12    34.440
1956.01    34.566
1956.02    34.789
1956.03    34.994
1956.04    34.914
1956.05    35.083
1956.06    35.206
1956.07    34.984
1956.08    35.180
1956.09    35.210
1956.10    35.308
1956.11    35.421
1956.12    35.510
1957.01    35.409
1957.02    35.595
1957.03    35.657
1957.04    35.697
1957.05    35.694
1957.06    35.672
1957.07    35.745
1957.08    35.744
1957.09    35.734
1957.10    35.671
1957.11    35.654
1957.12    35.596
1958.01    35.503
1958.02    35.216
1958.03    35.178
1958.04    35.055
1958.05    35.116
1958.06    35.114
1958.07    35.199
1958.08    35.325
1958.09    35.438
1958.10    35.577
1958.11    35.682
1958.12    35.778
1959.01    36.057
1959.02    36.125
1959.03    36.271
1959.04    36.399
1959.05    36.574
1959.06    36.622
1959.07    36.667
1959.08    36.676
1959.09    36.697
1959.10    36.730
1959.11    36.870
1959.12    37.081
1960.01    37.090
1960.02    37.259
1960.03    37.189
1960.04    37.591
1960.05    37.401
1960.06    37.405
1960.07    37.419
1960.08    37.464
1960.09    37.428
1960.10    37.452
1960.11    37.419
1960.12    37.330
1961.01    37.371
1961.02    37.308
1961.03    37.413
1961.04    37.324
1961.05    37.415
1961.06    37.580
1961.07    37.672
1961.08    37.796
1961.09    37.879
1961.10    37.937
1961.11    38.037
1961.12    38.107
1962.01    38.056
1962.02    38.280
1962.03    38.317
1962.04    38.559
1962.05    38.628
1962.06    38.661
1962.07    38.748
1962.08    38.866
1962.09    38.939
1962.10    38.994
1962.11    39.053
1962.12    39.061
1963.01    39.044
1963.02    39.180
1963.03    39.241
1963.04    39.474
1963.05    39.488
1963.06    39.571
1963.07    39.672
1963.08    39.796
1963.09    39.915
1963.10    40.073
1963.11    40.084
1963.12    40.182
1964.01    40.195
1964.02    40.495
1964.03    40.593
1964.04    40.603
1964.05    40.773
1964.06    40.904
1964.07    41.034
1964.08    41.169
1964.09    41.316
1964.10    41.487
1964.11    41.612
1964.12    41.745
1965.01    41.746
1965.02    41.971
1965.03    42.084
1965.04    42.261
1965.05    42.453
1965.06    42.611
1965.07    42.746
1965.08    42.920
1965.09    43.101
1965.10    43.264
1965.11    43.437
1965.12    43.689
1966.01    43.753
1966.02    43.908
1966.03    44.163
1966.04    44.266
1966.05    44.415
1966.06    44.709
1966.07    44.872
1966.08    44.925
1966.09    45.044
1966.10    45.172
1966.11    45.304
1966.12    45.505
1967.01    45.629
1967.02    45.665
1967.03    45.855
1967.04    45.889
1967.05    46.107
1967.06    46.289
1967.07    46.480
1967.08    46.595
1967.09    46.732
1967.10    46.760
1967.11    47.024
1967.12    47.174
1968.01    47.007
1968.02    47.406
1968.03    47.508
1968.04    47.715
1968.05    47.750
1968.06    47.983
1968.07    48.198
1968.08    48.397
1968.09    48.550
1968.10    48.723
1968.11    48.914
1968.12    49.152
1969.01    49.253
1969.02    49.441
1969.03    49.627
1969.04    49.791
1969.05    50.010
1969.06    50.263
1969.07    50.386
1969.08    50.510
1969.09    50.582
1969.10    50.773
1969.11    50.883
1969.12    51.055
1970.01    51.014
1970.02    51.225
1970.03    51.413
1970.04    51.463
1970.05    51.435
1970.06    51.449
1970.07    51.566
1970.08    51.524
1970.09    51.655
1970.10    51.770
1970.11    51.803
1970.12    51.898
1971.01    51.981
1971.02    51.978
1971.03    52.144
1971.04    52.320
1971.05    52.456
1971.06    52.564
1971.07    52.655
1971.08    52.707
1971.09    52.910
1971.10    52.943
1971.11    53.097
1971.12    53.342
1972.01    53.573
1972.02    53.701
1972.03    53.899
1972.04    54.072
1972.05    54.272
1972.06    54.504
1972.07    54.550
1972.08    54.768
1972.09    54.871
1972.10    55.109
1972.11    55.323
1972.12    55.532
1973.01    55.666
1973.02    55.951
1973.03    56.106
1973.04    56.235
1973.05    56.412
1973.06    56.571
1973.07    56.613
1973.08    56.816
1973.09    56.979
1973.10    57.179
1973.11    57.425
1973.12    57.561
1974.01    57.594
1974.02    57.893
1974.03    57.935
1974.04    58.001
1974.05    58.163
1974.06    58.176
1974.07    58.267
1974.08    58.321
1974.09    58.409
1974.10    58.591
1974.11    58.575
1974.12    58.380
1975.01    58.376
1975.02    58.345
1975.03    58.203
1975.04    58.164
1975.05    58.320
1975.06    58.297
1975.07    58.566
1975.08    58.775
1975.09    58.838
1975.10    59.052
1975.11    59.146
1975.12    59.348
1976.01    59.623
1976.02    59.808
1976.03    59.932
1976.04    60.135
1976.05    60.207
1976.06    60.266
1976.07    60.470
1976.08    60.550
1976.09    60.690
1976.10    60.793
1976.11    60.980
1976.12    61.152
1977.01    61.241
1977.02    61.473
1977.03    61.785
1977.04    62.064
1977.05    62.338
1977.06    62.658
1977.07    62.961
1977.08    63.178
1977.09    63.580
1977.10    63.783
1977.11    64.105
1977.12    64.214
1978.01    64.319
1978.02    64.605
1978.03    65.061
1978.04    65.725
1978.05    65.991
1978.06    66.320
1978.07    66.514
1978.08    66.754
1978.09    66.818
1978.10    67.068
1978.11    67.398
1978.12    67.603
1979.01    67.709
1979.02    67.942
1979.03    68.324
1979.04    68.271
1979.05    68.571
1979.06    68.793
1979.07    68.871
1979.08    69.156
1979.09    69.137
1979.10    69.362
1979.11    69.558
1979.12    69.688
1980.01    69.837
1980.02    70.042
1980.03    70.162
1980.04    70.207
1980.05    70.058
1980.06    69.971
1980.07    69.899
1980.08    70.035
1980.09    70.087
1980.10    70.286
1980.11    70.404
1980.12    70.575
1981.01    70.767
1981.02    70.898
1981.03    70.979
1981.04    70.945
1981.05    70.865
1981.06    70.999
1981.07    71.132
1981.08    71.101
1981.09    70.951
1981.10    71.097
1981.11    71.054
1981.12    71.075
1982.01    70.893
1982.02    70.995
1982.03    70.993
1982.04    70.895
1982.05    70.952
1982.06    70.875
1982.07    70.717
1982.08    70.658
1982.09    70.524
1982.10    70.545
1982.11    70.554
1982.12    70.628
1983.01    70.764
1983.02    70.698
1983.03    70.869
1983.04    71.052
1983.05    71.237
1983.06    71.556
1983.07    71.870
1983.08    71.478
1983.09    72.434
1983.10    72.620
1983.11    72.826
1983.12    73.138
1984.01    73.458
1984.02    73.871
1984.03    74.049
1984.04    74.321
1984.05    74.580
1984.06    74.905
1984.07    75.163
1984.08    75.387
1984.09    75.724
1984.10    76.019
1984.11    76.362
1984.12    76.514
1985.01    76.777
1985.02    76.977
1985.03    77.341
1985.04    77.568
1985.05    77.878
1985.06    78.034
1985.07    78.265
1985.08    78.510
1985.09    78.754
1985.10    78.974
1985.11    79.178
1985.12    79.390
1986.01    79.494
1986.02    79.641
1986.03    79.757
1986.04    79.958
1986.05    80.110
1986.06    80.049
1986.07    80.393
1986.08    80.554
1986.09    80.868
1986.10    81.120
1986.11    81.285
1986.12    81.527
1987.01    81.691
1987.02    81.882
1987.03    82.106
1987.04    82.458
1987.05    82.640
1987.06    82.793
1987.07    83.071
1987.08    83.245
1987.09    83.358
1987.10    83.863
1987.11    84.017
1987.12    84.328
1988.01    84.386
1988.02    84.821
1988.03    85.088
1988.04    85.327
1988.05    85.498
1988.06    85.832
1988.07    86.066
1988.08    86.251
1988.09    86.488
1988.10    86.705
1988.11    86.981
1988.12    87.267
1989.01    87.562
1989.02    87.799
1989.03    87.986
1989.04    88.169
1989.05    88.276
1989.06    88.451
1989.07    88.555
1989.08    88.648
1989.09    88.882
1989.10    88.979
1989.11    89.300
1989.12    89.424
1990.01    89.827
1990.02    90.043
1990.03    90.251
1990.04    90.277
1990.05    90.597
1990.06    90.749
1990.07    90.582
1990.08    90.480
1990.09    90.460
1990.10    90.331
1990.11    90.317
1990.12    90.221
1991.01    90.120
1991.02    89.975
1991.03    89.873
1991.04    89.702
1991.05    89.736
1991.06    89.800
1991.07    89.739
1991.08    89.822
1991.09    89.867
1991.10    89.883
1991.11    89.845
1991.12    89.891
1992.01    89.926
1992.02    89.937
1992.03    90.046
1992.04    90.208
1992.05    90.344
1992.06    90.388
1992.07    90.505
1992.08    90.629
1992.09    90.722
1992.10    90.954
1992.11    91.033
1992.12    91.205
1993.01    91.391
1993.02    91.733
1993.03    91.715
1993.04    92.052
1993.05    92.331
1993.06    92.486
1993.07    92.785
1993.08    92.952
1993.09    93.181
1993.10    93.481
1993.11    93.698
1993.12    93.980
1994.01    94.150
1994.02    94.400
1994.03    94.872
1994.04    95.119
1994.05    95.381
1994.06    95.646
1994.07    95.874
1994.08    96.164
1994.09    96.407
1994.10    96.537
1994.11    96.988
1994.12    97.152
1995.01    97.308
1995.02    97.600
1995.03    97.777
1995.04    97.804
1995.05    97.803
1995.06    98.058
