1939.01     29.783
1939.02     29.875
1939.03     30.147
1939.04     29.965
1939.05     30.164
1939.06     30.393
1939.07     30.452
1939.08     30.623
1939.09     31.110
1939.10     31.484
1939.11     31.519
1939.12     31.574
1940.01     31.457
1940.02     31.491
1940.03     31.682
1940.04     31.567
1940.05     31.759
1940.06     31.880
1940.07     31.984
1940.08     32.351
1940.09     32.875
1940.10     33.286
1940.11     33.650
1940.12     34.186
1941.01     34.392
1941.02     34.659
1941.03     34.966
1941.04     35.353
1941.05     36.069
1941.06     36.549
1941.07     37.159
1941.08     37.507
1941.09     37.826
1941.10     37.873
1941.11     37.912
1941.12     38.068
1942.01     38.252
1942.02     38.342
1942.03     38.812
1942.04     39.245
1942.05     39.635
1942.06     39.852
1942.07     40.338
1942.08     40.845
1942.09     41.121
1942.10     41.335
1942.11     41.516
1942.12     41.872
1943.01     42.044
1943.02     42.229
1943.03     42.420
1943.04     42.488
1943.05     42.396
1943.06     42.546
1943.07     42.441
1943.08     42.429
1943.09     42.380
1943.10     42.613
1943.11     42.667
1943.12     42.608
1944.01     42.496
1944.02     42.381
1944.03     42.183
1944.04     41.884
1944.05     41.784
1944.06     41.737
1944.07     41.636
1944.08     41.679
1944.09     41.542
1944.10     41.623
1944.11     41.562
1944.12     41.721
1945.01     41.767
1945.02     41.770
1945.03     41.715
1945.04     41.276
1945.05     41.120
1945.06     40.899
1945.07     40.609
1945.08     40.298
1945.09     38.356
1945.10     38.436
1945.11     38.799
1945.12     39.009
1946.01     39.721
1946.02     39.193
1946.03     40.183
1946.04     40.858
1946.05     41.248
1946.06     41.551
1946.07     41.955
1946.08     42.466
1946.09     42.749
1946.10     42.959
1946.11     43.229
1946.12     43.314
1947.01     43.497
1947.02     43.578
1947.03     43.621
1947.04     43.501
1947.05     43.544
1947.06     43.685
1947.07     43.682
1947.08     43.784
1947.09     44.001
1947.10     44.176
1947.11     44.313
1947.12     44.519
1948.01     44.667
1948.02     44.501
1948.03     44.624
1948.04     44.293
1948.05     44.647
1948.06     44.879
1948.07     45.062
1948.08     45.039
1948.09     45.162
1948.10     45.065
1948.11     45.069
1948.12     45.022
1949.01     44.624
1949.02     44.417
1949.03     44.136
1949.04     44.112
1949.05     43.814
1949.06     43.592
1949.07     43.418
1949.08     43.479
1949.09     43.699
1949.10     42.805
1949.11     43.142
1949.12     43.491
1950.01     43.469
1950.02     43.192
1950.03     43.824
1950.04     44.260
1950.05     44.574
1950.06     44.952
1950.07     45.360
1950.08     46.024
1950.09     46.301
1950.10     46.528
1950.11     46.653
1950.12     46.752
1951.01     47.230
1951.02     47.531
1951.03     47.794
1951.04     47.760
1951.05     47.805
1951.06     47.913
1951.07     47.925
1951.08     47.794
1951.09     47.748
1951.10     47.825
1951.11     48.027
1951.12     48.122
1952.01     48.227
1952.02     48.493
1952.03     48.416
1952.04     48.509
1952.05     48.474
1952.06     48.125
1952.07     47.999
1952.08     48.686
1952.09     49.085
1952.10     49.434
1952.11     49.719
1952.12     49.937
1953.01     50.045
1953.02     50.273
1953.03     50.382
1953.04     50.314
1953.05     50.358
1953.06     50.389
1953.07     50.382
1953.08     50.271
1953.09     50.226
1953.10     50.108
1953.11     49.825
1953.12     49.625
1954.01     49.341
1954.02     49.276
1954.03     49.046
1954.04     49.039
1954.05     48.852
1954.06     48.791
1954.07     48.689
1954.08     48.643
1954.09     48.765
1954.10     48.828
1954.11     49.103
1954.12     49.234
1955.01     49.354
1955.02     49.523
1955.03     49.851
1955.04     50.104
1955.05     50.404
1955.06     50.693
1955.07     50.811
1955.08     50.929
1955.09     51.103
1955.10     51.323
1955.11     51.507
1955.12     51.714
1956.01     51.863
1956.02     52.093
1956.03     52.228
1956.04     52.232
1956.05     52.365
1956.06     52.433
1956.07     51.746
1956.08     52.382
1956.09     52.439
1956.10     52.674
1956.11     52.752
1956.12     52.908
1957.01     52.808
1957.02     53.003
1957.03     53.062
1957.04     53.053
1957.05     52.996
1957.06     52.941
1957.07     52.972
1957.08     52.913
1957.09     52.816
1957.10     52.663
1957.11     52.482
1957.12     52.307
1958.01     52.003
1958.02     51.441
1958.03     51.142
1958.04     50.807
1958.05     50.770
1958.06     50.801
1958.07     50.911
1958.08     51.113
1958.09     51.355
1958.10     51.378
1958.11     51.814
1958.12     51.986
1959.01     52.408
1959.02     52.568
1959.03     52.883
1959.04     53.132
1959.05     53.422
1959.06     53.584
1959.07     53.663
1959.08     53.220
1959.09     53.257
1959.10     53.196
1959.11     53.509
1959.12     54.040
1960.01     54.185
1960.02     54.414
1960.03     54.287
1960.04     54.634
1960.05     54.362
1960.06     54.276
1960.07     54.214
1960.08     54.198
1960.09     54.063
1960.10     53.982
1960.11     53.845
1960.12     53.577
1961.01     53.534
1961.02     53.380
1961.03     53.510
1961.04     53.462
1961.05     53.677
1961.06     53.916
1961.07     54.027
1961.08     54.222
1961.09     54.285
1961.10     54.376
1961.11     54.622
1961.12     54.744
1962.01     54.709
1962.02     55.018
1962.03     55.107
1962.04     55.459
1962.05     55.514
1962.06     55.561
1962.07     55.643
1962.08     55.778
1962.09     55.849
1962.10     55.912
1962.11     55.936
1962.12     55.918
1963.01     55.935
1963.02     56.055
1963.03     56.153
1963.04     56.454
1963.05     56.513
1963.06     56.563
1963.07     56.688
1963.08     56.823
1963.09     56.962
1963.10     57.152
1963.11     57.126
1963.12     57.252
1964.01     57.269
1964.02     57.603
1964.03     57.732
1964.04     57.784
1964.05     57.975
1964.06     58.121
1964.07     58.311
1964.08     58.510
1964.09     58.798
1964.10     58.691
1964.11     59.114
1964.12     59.335
1965.01     59.398
1965.02     59.683
1965.03     59.864
1965.04     60.124
1965.05     60.363
1965.06     60.595
1965.07     60.860
1965.08     61.085
1965.09     61.367
1965.10     61.578
1965.11     61.882
1965.12     62.230
1966.01     62.386
1966.02     62.720
1966.03     63.087
1966.04     63.317
1966.05     63.560
1966.06     63.978
1966.07     64.185
1966.08     64.344
1966.09     64.433
1966.10     64.655
1966.11     64.854
1966.12     65.076
1967.01     65.215
1967.02     65.208
1967.03     65.338
1967.04     65.323
1967.05     65.478
1967.06     65.654
1967.07     65.831
1967.08     65.964
1967.09     66.089
1967.10     66.111
1967.11     66.591
1967.12     66.776
1968.01     66.606
1968.02     67.029
1968.03     67.132
1968.04     67.417
1968.05     67.495
1968.06     67.783
1968.07     68.003
1968.08     68.219
1968.09     68.365
1968.10     68.603
1968.11     68.855
1968.12     69.161
1969.01     69.272
1969.02     69.542
1969.03     69.791
1969.04     69.948
1969.05     70.180
1969.06     70.498
1969.07     70.668
1969.08     70.799
1969.09     70.833
1969.10     70.993
1969.11     70.941
1969.12     71.127
1970.01     71.018
1970.02     71.165
1970.03     71.347
1970.04     71.251
1970.05     70.993
1970.06     70.905
1970.07     70.969
1970.08     70.789
1970.09     70.857
1970.10     70.416
1970.11     70.296
1970.12     70.666
1971.01     70.718
1971.02     70.657
1971.03     70.746
1971.04     70.936
1971.05     71.129
1971.06     71.163
1971.07     71.219
1971.08     71.220
1971.09     71.527
1971.10     71.532
1971.11     71.734
1971.12     71.996
1972.01     72.303
1972.02     72.525
1972.03     72.808
1972.04     73.061
1972.05     73.341
1972.06     73.643
1972.07     73.636
1972.08     73.929
1972.09     74.115
1972.10     74.527
1972.11     74.881
1972.12     75.235
1973.01     75.474
1973.02     75.908
1973.03     76.137
1973.04     76.312
1973.05     76.516
1973.06     76.738
1973.07     76.758
1973.08     77.018
1973.09     77.164
1973.10     77.502
1973.11     77.833
1973.12     77.992
1974.01     77.953
1974.02     78.177
1974.03     78.177
1974.04     78.261
1974.05     78.407
1974.06     78.434
1974.07     78.517
1974.08     78.478
1974.09     78.498
1974.10     78.569
1974.11     78.238
1974.12     77.565
1975.01     77.145
1975.02     76.742
1975.03     76.419
1975.04     76.298
1975.05     76.459
1975.06     76.388
1975.07     76.626
1975.08     76.980
1975.09     77.188
1975.10     77.499
1975.11     77.619
1975.12     77.915
1976.01     78.326
1976.02     78.606
1976.03     78.819
1976.04     79.134
1976.05     79.192
1976.06     79.258
1976.07     79.485
1976.08     79.581
1976.09     79.842
1976.10     79.842
1976.11     80.141
1976.12     80.338
1977.01     80.517
1977.02     80.794
1977.03     81.221
1977.04     81.610
1977.05     81.977
1977.06     82.381
1977.07     82.760
1977.08     82.974
1977.09     83.431
1977.10     83.661
1977.11     84.031
1977.12     84.271
1978.01     84.464
1978.02     84.808
1978.03     85.338
1978.04     86.083
1978.05     86.404
1978.06     86.811
1978.07     87.037
1978.08     87.324
1978.09     87.434
1978.10     87.797
1978.11     88.249
1978.12     88.559
1979.01     88.728
1979.02     88.985
1979.03     89.426
1979.04     89.363
1979.05     89.681
1979.06     89.955
1979.07     90.019
1979.08     90.159
1979.09     90.149
1979.10     90.360
1979.11     90.466
1979.12     90.617
1980.01     90.729
1980.02     90.876
1980.03     90.995
1980.04     90.780
1980.05     90.316
1980.06     89.974
1980.07     89.676
1980.08     89.964
1980.09     90.046
1980.10     90.334
1980.11     90.550
1980.12     90.774
1981.01     91.003
1981.02     91.095
1981.03     91.206
1981.04     91.219
1981.05     91.142
1981.06     91.285
1981.07     91.410
1981.08     91.320
1981.09     91.191
1981.10     91.216
1981.11     91.014
1981.12     90.831
1982.01     90.448
1982.02     90.474
1982.03     90.337
1982.04     90.031
1982.05     89.965
1982.06     89.703
1982.07     89.380
1982.08     89.177
1982.09     88.995
1982.10     88.787
1982.11     88.649
1982.12     88.675
1983.01     88.826
1983.02     88.758
1983.03     88.946
1983.04     89.211
1983.05     89.497
1983.06     89.886
1983.07     90.313
1983.08     89.973
1983.09     91.088
1983.10     91.408
1983.11     91.727
1983.12     92.110
1984.01     92.524
1984.02     93.043
1984.03     93.312
1984.04     93.650
1984.05     93.952
1984.06     94.325
1984.07     94.647
1984.08     94.885
1984.09     95.186
1984.10     95.499
1984.11     95.829
1984.12     95.997
1985.01     96.249
1985.02     96.397
1985.03     96.734
1985.04     96.896
1985.05     97.163
1985.06     97.280
1985.07     97.465
1985.08     97.696
1985.09     97.878
1985.10     98.098
1985.11     98.286
1985.12     98.500
1986.01     98.599
1986.02     98.718
1986.03     98.796
1986.04     98.974
1986.05     99.096
1986.06     98.973
1986.07     99.276
1986.08     99.435
1986.09     99.747
1986.10     99.980
1986.11    100.145
1986.12    100.394
1987.01    100.543
1987.02    100.772
1987.03    101.005
1987.04    101.367
1987.05    101.564
1987.06    101.713
1987.07    102.047
1987.08    102.266
1987.09    102.430
1987.10    102.980
1987.11    103.200
1987.12    103.544
1988.01    103.593
1988.02    104.063
1988.03    104.349
1988.04    104.611
1988.05    104.794
1988.06    105.156
1988.07    105.397
1988.08    105.549
1988.09    105.789
1988.10    106.070
1988.11    106.400
1988.12    106.703
1989.01    107.046
1989.02    107.276
1989.03    107.466
1989.04    107.636
1989.05    107.725
1989.06    107.871
1989.07    107.939
1989.08    108.026
1989.09    108.200
1989.10    108.266
1989.11    108.588
1989.12    108.695
1990.01    108.977
1990.02    109.297
1990.03    109.487
1990.04    109.492
1990.05    109.777
1990.06    109.911
1990.07    109.698
1990.08    109.558
1990.09    109.484
1990.10    109.294
1990.11    109.109
1990.12    108.976
1991.01    108.793
1991.02    108.525
1991.03    108.346
1991.04    108.131
1991.05    108.160
1991.06    108.176
1991.07    108.102
1991.08    108.214
1991.09    108.231
1991.10    108.214
1991.11    108.128
1991.12    108.120
1992.01    108.062
1992.02    108.059
1992.03    108.153
1992.04    108.344
1992.05    108.487
1992.06    108.517
1992.07    108.651
1992.08    108.720
1992.09    108.795
1992.10    109.003
1992.11    109.098
1992.12    109.274
1993.01    109.477
1993.02    109.839
1993.03    109.820
1993.04    110.131
1993.05    110.401
1993.06    110.529
1993.07    110.836
1993.08    110.991
1993.09    111.237
1993.10    111.559
1993.11    111.795
1993.12    112.094
1994.01    112.301
1994.02    112.576
1994.03    113.087
1994.04    113.363
1994.05    113.638
1994.06    113.943
1994.07    114.171
1994.08    114.510
1994.09    114.762
1994.10    114.935
1994.11    115.427
1994.12    115.624
1995.01    115.810
1995.02    116.123
1995.03    116.302
1995.04    116.310
1995.05    116.264
1995.06    116.479
