1950.01    151.135
1950.02    151.343
1950.03    151.529
1950.04    151.718
1950.05    151.878
1950.06    152.064
1950.07    152.271
1950.08    152.503
1950.09    152.750
1950.10    152.985
1950.11    153.209
1950.12    153.415
1951.01    153.622
1951.02    153.831
1951.03    154.019
1951.04    154.224
1951.05    154.425
1951.06    154.649
1951.07    154.878
1951.08    155.121
1951.09    155.373
1951.10    155.624
1951.11    155.872
1951.12    156.093
1952.01    156.309
1952.02    156.527
1952.03    156.731
1952.04    156.943
1952.05    157.140
1952.06    157.343
1952.07    157.553
1952.08    157.798
1952.09    158.053
1952.10    158.306
1952.11    158.451
1952.12    158.757
1953.01    158.973
1953.02    159.170
1953.03    159.349
1953.04    159.556
1953.05    159.745
1953.06    159.956
1953.07    160.184
1953.08    160.449
1953.09    160.718
1953.10    160.978
1953.11    161.223
1953.12    161.453
1954.01    161.690
1954.02    161.912
1954.03    162.124
1954.04    162.350
1954.05    162.564
1954.06    162.790
1954.07    163.026
1954.08    163.290
1954.09    163.570
1954.10    163.847
1954.11    164.107
1954.12    164.349
1955.01    164.588
1955.02    164.809
1955.03    165.018
1955.04    165.251
1955.05    165.463
1955.06    165.695
1955.07    165.931
1955.08    166.192
1955.09    166.473
1955.10    166.755
1955.11    167.023
1955.12    167.270
1956.01    167.513
1956.02    167.746
1956.03    167.977
1956.04    168.221
1956.05    168.436
1956.06    168.659
1956.07    168.903
1956.08    169.191
1956.09    169.488
1956.10    169.780
1956.11    170.063
1956.12    170.315
1957.01    170.571
1957.02    170.806
1957.03    171.029
1957.04    171.271
1957.05    171.501
1957.06    171.741
1957.07    171.984
1957.08    172.257
1957.09    172.538
1957.10    172.816
1957.11    173.070
1957.12    173.298
1958.01    173.533
1958.02    173.746
1958.03    173.945
1958.04    174.176
1958.05    174.397
1958.06    174.639
1958.07    174.882
1958.08    175.143
1958.09    175.413
1958.10    175.697
1958.11    175.966
1958.12    176.207
1959.01    176.447
1959.02    176.685
1959.03    176.905
1959.04    177.146
1959.05    177.365
1959.06    177.591
1959.07    177.830
1959.08    178.101
1959.09    178.376
1959.10    178.657
1959.11    178.921
1959.12    179.153
1960.01    179.386
1960.02    179.597
1960.03    179.788
1960.04    180.007
1960.05    180.222
1960.06    180.444
1960.07    180.671
1960.08    180.945
1960.09    181.238
1960.10    181.528
1960.11    181.796
1960.12    182.042
1961.01    182.287
1961.02    182.520
1961.03    182.742
1961.04    182.992
1961.05    183.217
1961.06    183.452
1961.07    183.691
1961.08    183.958
1961.09    184.243
1961.10    184.524
1961.11    184.783
1961.12    185.016
1962.01    185.242
1962.02    185.452
1962.03    185.650
1962.04    185.874
1962.05    186.087
1962.06    186.314
1962.07    186.538
1962.08    186.790
1962.09    187.058
1962.10    187.323
1962.11    187.574
1962.12    187.796
1963.01    188.013
1963.02    188.213
1963.03    188.387
1963.04    188.580
1963.05    188.790
1963.06    189.018
1963.07    189.242
1963.08    189.496
1963.09    189.761
1963.10    190.028
1963.11    190.265
1963.12    190.472
1964.01    190.668
1964.02    190.858
1964.03    191.047
1964.04    191.245
1964.05    191.447
1964.06    191.666
1964.07    191.889
1964.08    192.131
1964.09    192.376
1964.10    192.631
1964.11    192.847
1964.12    193.039
1965.01    193.223
1965.02    193.393
1965.03    193.540
1965.04    193.709
1965.05    193.888
1965.06    194.087
1965.07    194.303
1965.08    194.528
1965.09    194.761
1965.10    194.997
1965.11    195.195
1965.12    195.372
1966.01    195.539
1966.02    195.688
1966.03    195.831
1966.04    195.999
1966.05    196.178
1966.06    196.372
1966.07    196.560
1966.08    196.762
1966.09    196.984
1966.10    197.207
1966.11    197.398
1966.12    197.572
1967.01    197.736
1967.02    197.892
1967.03    198.037
1967.04    198.206
1967.05    198.363
1967.06    198.537
1967.07    198.712
1967.08    198.911
1967.09    199.113
1967.10    199.311
1967.11    199.498
1967.12    199.657
1968.01    199.808
1968.02    199.920
1968.03    200.056
1968.04    200.208
1968.05    200.361
1968.06    200.536
1968.07    200.706
1968.08    200.898
1968.09    201.095
1968.10    201.290
1968.11    201.466
1968.12    201.621
1969.01    201.760
1969.02    201.881
1969.03    202.023
1969.04    202.161
1969.05    202.331
1969.06    202.507
1969.07    202.677
1969.08    202.877
1969.09    203.090
1969.10    203.302
1969.11    203.500
1969.12    203.675
1970.01    203.849
1970.02    204.008
1970.03    204.156
1970.04    204.401
1970.05    204.607
1970.06    204.830
1970.07    205.052
1970.08    205.295
1970.09    205.540
1970.10    205.788
1970.11    206.024
1970.12    206.238
1971.01    206.466
1971.02    206.668
1971.03    206.855
1971.04    207.065
1971.05    207.260
1971.06    207.462
1971.07    207.661
1971.08    207.881
1971.09    208.114
1971.10    208.345
1971.11    208.555
1971.12    208.740
1972.01    208.917
1972.02    209.061
1972.03    209.212
1972.04    209.386
1972.05    209.545
1972.06    209.725
1972.07    209.896
1972.08    210.075
1972.09    210.278
1972.10    210.479
1972.11    210.656
1972.12    210.821
1973.01    210.985
1973.02    211.120
1973.03    211.254
1973.04    211.420
1973.05    211.577
1973.06    211.746
1973.07    211.909
1973.08    212.092
1973.09    212.289
1973.10    212.475
1973.11    212.634
1973.12    212.785
1974.01    212.932
1974.02    213.074
1974.03    213.211
1974.04    213.361
1974.05    213.513
1974.06    213.686
1974.07    213.854
1974.08    214.042
1974.09    214.246
1974.10    214.451
1974.11    214.625
1974.12    214.782
1975.01    214.931
1975.02    215.065
1975.03    215.198
1975.04    215.353
1975.05    215.523
1975.06    215.768
1975.07    215.973
1975.08    216.195
1975.09    216.393
1975.10    216.587
1975.11    216.771
1975.12    216.931
1976.01    217.095
1976.02    217.249
1976.03    217.381
1976.04    217.528
1976.05    217.685
1976.06    217.861
1976.07    218.035
1976.08    218.233
1976.09    218.440
1976.10    218.644
1976.11    218.834
1976.12    219.006
1977.01    219.179
1977.02    219.344
1977.03    219.504
1977.04    219.684
1977.05    219.859
1977.06    220.046
1977.07    220.239
1977.08    220.458
1977.09    220.688
1977.10    220.904
1977.11    221.109
1977.12    221.303
1978.01    221.477
1978.02    221.629
1978.03    221.792
1978.04    221.991
1978.05    222.176
1978.06    222.379
1978.07    222.585
1978.08    222.805
1978.09    223.053
1978.10    223.271
1978.11    223.477
1978.12    223.670
1979.01    223.865
1979.02    224.053
1979.03    224.235
1979.04    224.438
1979.05    224.632
1979.06    224.843
1979.07    225.055
1979.08    225.295
1979.09    225.547
1979.10    225.801
1979.11    226.027
1979.12    226.243
1980.01    226.451
1980.02    226.656
1980.03    226.849
1980.04    227.061
1980.05    227.251
1980.06    227.522
1980.07    227.726
1980.08    227.953
1980.09    228.186
1980.10    228.417
1980.11    228.612
1980.12    228.779
1981.01    228.937
1981.02    229.071
1981.03    229.224
1981.04    229.403
1981.05    229.575
1981.06    229.761
1981.07    229.966
1981.08    230.187
1981.09    230.412
1981.10    230.641
1981.11    230.822
1981.12    230.989
1982.01    231.157
1982.02    231.313
1982.03    231.470
1982.04    231.645
1982.05    231.809
1982.06    231.992
1982.07    232.188
1982.08    232.392
1982.09    232.599
1982.10    232.816
1982.11    232.993
1982.12    233.160
1983.01    233.322
1983.02    233.473
1983.03    233.613
1983.04    233.781
1983.05    233.922
1983.06    234.118
1983.07    234.307
1983.08    234.501
1983.09    234.701
1983.10    234.907
1983.11    235.078
1983.12    235.235
1984.01    235.385
1984.02    235.527
1984.03    235.675
1984.04    235.839
1984.05    235.993
1984.06    236.160
1984.07    236.348
1984.08    236.549
1984.09    236.760
1984.10    236.976
1984.11    237.159
1984.12    237.316
1985.01    237.468
1985.02    237.602
1985.03    237.732
1985.04    237.900
1985.05    238.074
1985.06    238.270
1985.07    238.466
1985.08    238.679
1985.09    238.898
1985.10    239.113
1985.11    239.307
1985.12    239.477
1986.01    239.638
1986.02    239.788
1986.03    239.928
1986.04    240.094
1986.05    240.271
1986.06    240.459
1986.07    240.651
1986.08    240.854
1986.09    241.068
1986.10    241.274
1986.11    241.467
1986.12    241.620
1987.01    241.784
1987.02    241.930
1987.03    242.079
1987.04    242.252
1987.05    242.423
1987.06    242.608
1987.07    242.804
1987.08    243.012
1987.09    243.223
1987.10    243.446
1987.11    243.639
1987.12    243.809
1988.01    243.981
1988.02    244.131
1988.03    244.279
1988.04    244.445
1988.05    244.610
1988.06    244.806
1988.07    245.021
1988.08    245.240
1988.09    245.464
1988.10    245.693
1988.11    245.884
1988.12    246.056
1989.01    246.224
1989.02    246.378
1989.03    246.530
1989.04    246.721
1989.05    246.906
1989.06    247.114
1989.07    247.342
1989.08    247.573
1989.09    247.816
1989.10    248.067
1989.11    248.281
1989.12    248.479
1990.01    248.659
1990.02    248.827
1990.03    249.012
1990.04    249.233
1990.05    249.444
1990.06    249.677
1990.07    249.911
1990.08    250.168
1990.09    250.430
1990.10    250.686
1990.11    250.922
1990.12    251.148
1991.01    251.360
1991.02    251.552
1991.03    251.739
1991.04    251.956
1991.05    252.173
1991.06    252.412
1991.07    252.643
1991.08    252.902
1991.09    253.165
1991.10    253.420
1991.11    253.650
1991.12    253.846
1992.01    254.046
1992.02    254.227
1992.03    254.431
1992.04    254.665
1992.05    254.905
1992.06    255.155
1992.07    255.407
1992.08    255.689
1992.09    255.949
1992.10    256.208
1992.11    256.440
1992.12    256.653
1993.01    256.866
1993.02    257.055
1993.03    257.245
1993.04    257.464
1993.05    257.671
1993.06    257.898
1993.07    258.120
1993.08    258.374
1993.09    258.629
1993.10    258.878
1993.11    259.097
1993.12    259.297
1994.01    259.487
1994.02    259.652
1994.03    259.804
1994.04    260.031
1994.05    260.211
1994.06    260.430
1994.07    260.651
1994.08    260.882
1994.09    261.129
1994.10    261.348
1994.11    261.566
1994.12    261.755
