1959.01     136.000
1959.02     136.700
1959.03     137.700
1959.04     138.500
1959.05     139.300
1959.06     140.800
1959.07     141.800
1959.08     142.400
1959.09     143.300
1959.10     144.100
1959.11     144.500
1959.12     145.800
1960.01     146.700
1960.02     147.200
1960.03     148.100
1960.04     148.800
1960.05     149.300
1960.06     150.800
1960.07     152.000
1960.08     153.000
1960.09     154.300
1960.10     155.800
1960.11     156.800
1960.12     158.500
1961.01     160.300
1961.02     162.000
1961.03     163.500
1961.04     164.500
1961.05     165.300
1961.06     167.100
1961.07     168.400
1961.08     169.200
1961.09     170.300
1961.10     171.800
1961.11     173.000
1961.12     174.900
1962.01     176.600
1962.02     178.200
1962.03     179.900
1962.04     181.200
1962.05     182.200
1962.06     184.100
1962.07     185.900
1962.08     187.100
1962.09     188.700
1962.10     190.600
1962.11     192.000
1962.12     194.200
1963.01     196.400
1963.02     198.400
1963.03     200.400
1963.04     201.800
1963.05     203.000
1963.06     205.200
1963.07     206.900
1963.08     207.900
1963.09     209.300
1963.10     210.700
1963.11     212.000
1963.12     213.900
1964.01     215.800
1964.02     217.500
1964.03     219.300
1964.04     220.500
1964.05     221.700
1964.06     223.900
1964.07     225.900
1964.08     227.300
1964.09     229.100
1964.10     231.300
1964.11     232.800
1964.12     235.000
1965.01     237.200
1965.02     239.000
1965.03     241.000
1965.04     242.200
1965.05     243.100
1965.06     245.400
1965.07     247.300
1965.08     248.600
1965.09     250.600
1965.10     252.900
1965.11     254.500
1965.12     256.900
1966.01     258.000
1966.02     258.300
1966.03     258.400
1966.04     256.200
1966.05     254.400
1966.06     254.400
1966.07     254.500
1966.08     252.900
1966.09     252.800
1966.10     252.900
1966.11     252.500
1966.12     253.400
1967.01     253.000
1967.02     252.600
1967.03     254.200
1967.04     255.200
1967.05     256.000
1967.06     258.200
1967.07     259.700
1967.08     260.400
1967.09     261.700
1967.10     263.500
1967.11     263.300
1967.12     264.000
1968.01     263.400
1968.02     262.900
1968.03     264.500
1968.04     264.400
1968.05     263.900
1968.06     265.000
1968.07     265.000
1968.08     264.900
1968.09     266.200
1968.10     267.500
1968.11     267.300
1968.12     269.000
1969.01     268.600
1969.02     267.400
1969.03     269.000
1969.04     268.300
1969.05     267.100
1969.06     268.300
1969.07     266.500
1969.08     264.200
1969.09     264.100
1969.10     264.100
1969.11     262.900
1969.12     263.400
1970.01     260.900
1970.02     257.000
1970.03     255.500
1970.04     253.500
1970.05     251.700
1970.06     252.700
1970.07     253.100
1970.08     252.800
1970.09     254.000
1970.10     256.300
1970.11     256.600
1970.12     259.000
1971.01     261.700
1971.02     265.100
1971.03     270.600
1971.04     274.900
1971.05     277.500
1971.06     280.800
1971.07     282.800
1971.08     283.300
1971.09     284.800
1971.10     287.300
1971.11     287.700
1971.12     289.900
1972.01     292.500
1972.02     295.700
1972.03     300.700
1972.04     303.700
1972.05     304.600
1972.06     308.000
1972.07     310.200
1972.08     311.300
1972.09     312.800
1972.10     315.500
1972.11     316.300
1972.12     318.700
1973.01     320.100
1973.02     321.300
1973.03     324.900
1973.04     326.700
1973.05     327.200
1973.06     330.000
1973.07     330.400
1973.08     326.200
1973.09     323.500
1973.10     324.300
1973.11     322.800
1973.12     323.900
1974.01     324.700
1974.02     325.800
1974.03     330.100
1974.04     332.500
1974.05     331.900
1974.06     333.900
1974.07     334.900
1974.08     332.500
1974.09     331.300
1974.10     333.000
1974.11     333.100
1974.12     335.400
1975.01     337.900
1975.02     341.900
1975.03     349.700
1975.04     356.600
1975.05     361.100
1975.06     369.300
1975.07     374.100
1975.08     374.900
1975.09     376.500
1975.10     379.700
1975.11     381.400
1975.12     385.300
1976.01     390.700
1976.02     400.100
1976.03     409.700
1976.04     417.100
1976.05     420.600
1976.06     423.800
1976.07     427.300
1976.08     429.500
1976.09     433.000
1976.10     439.800
1976.11     443.600
1976.12     449.200
1977.01     454.900
1977.02     460.000
1977.03     467.100
1977.04     473.200
1977.05     474.600
1977.06     478.100
1977.07     481.800
1977.08     483.200
1977.09     485.100
1977.10     488.200
1977.11     487.000
1977.12     488.100
1978.01     490.400
1978.02     492.500
1978.03     497.900
1978.04     501.100
1978.05     501.000
1978.06     501.600
1978.07     498.900
1978.08     496.000
1978.09     495.800
1978.10     494.900
1978.11     485.300
1978.12     478.100
1979.01     469.400
1979.02     463.000
1979.03     463.300
1979.04     461.400
1979.05     456.700
1979.06     458.800
1979.07     460.900
1979.08     458.200
1979.09     452.900
1979.10     442.700
1979.11     426.000
1979.12     420.600
1980.01     415.100
1980.02     407.500
1980.03     400.300
1980.04     388.300
1980.05     383.100
1980.06     393.000
1980.07     407.100
1980.08     415.200
1980.09     418.700
1980.10     420.000
1980.11     411.300
1980.12     397.100
1981.01     380.800
1981.02     372.500
1981.03     372.400
1981.04     374.700
1981.05     368.300
1981.06     363.400
1981.07     363.900
1981.08     354.000
1981.09     347.100
1981.10     343.200
1981.11     340.400
1981.12     341.200
1982.01     345.400
1982.02     343.200
1982.03     344.600
1982.04     346.600
1982.05     345.700
1982.06     346.200
1982.07     345.900
1982.08     344.000
1982.09     345.100
1982.10     354.500
1982.11     360.100
1982.12     397.200
1983.01     521.600
1983.02     600.300
1983.03     641.500
1983.04     663.500
1983.05     679.200
1983.06     690.300
1983.07     692.500
1983.08     686.400
1983.09     684.000
1983.10     684.300
1983.11     682.400
1983.12     682.400
1984.01     686.400
1984.02     690.600
1984.03     699.700
1984.04     704.900
1984.05     702.400
1984.06     701.000
1984.07     696.400
1984.08     685.200
1984.09     682.400
1984.10     684.800
1984.11     692.300
1984.12     702.300
1985.01     721.200
1985.02     735.700
1985.03     747.000
1985.04     750.800
1985.05     755.500
1985.06     770.600
1985.07     783.200
1985.08     790.700
1985.09     795.600
1985.10     804.400
1985.11     810.900
1985.12     813.100
1986.01     818.100
1986.02     818.800
1986.03     826.600
1986.04     837.000
1986.05     849.000
1986.06     865.400
1986.07     878.500
1986.08     889.400
1986.09     901.400
1986.10     918.300
1986.11     930.400
1986.12     939.000
1987.01     952.300
1987.02     956.800
1987.03     966.400
1987.04     972.000
1987.05     970.200
1987.06     971.600
1987.07     969.800
1987.08     963.900
1987.09     958.800
1987.10     952.800
1987.11     941.900
1987.12     936.000
1988.01     935.900
1988.02     935.000
1988.03     942.800
1988.04     946.700
1988.05     946.200
1988.06     953.300
1988.07     955.000
1988.08     947.600
1988.09     937.700
1988.10     933.900
1988.11     933.400
1988.12     925.600
1989.01     915.000
1989.02     901.100
1989.03     895.800
1989.04     882.900
1989.05     862.300
1989.06     861.800
1989.07     865.700
1989.08     868.900
1989.09     872.400
1989.10     878.700
1989.11     887.400
1989.12     890.700
1990.01     894.000
1990.02     897.500
1990.03     907.200
1990.04     911.400
1990.05     907.400
1990.06     913.500
1990.07     916.400
1990.08     918.400
1990.09     918.000
1990.10     918.300
1990.11     920.700
1990.12     918.300
1991.01     919.300
1991.02     926.700
1991.03     944.000
1991.04     956.700
1991.05     966.200
1991.06     981.400
1991.07     991.300
1991.08     997.000
1991.09    1001.600
1991.10    1014.100
1991.11    1029.000
1991.12    1038.800
1992.01    1055.100
1992.02    1077.600
1992.03    1099.800
1992.04    1114.500
1992.05    1121.100
1992.06    1130.900
1992.07    1139.400
1992.08    1148.500
1992.09    1158.400
1992.10    1169.900
1992.11    1180.900
1992.12    1180.800
1993.01    1177.400
1993.02    1178.200
1993.03    1184.000
1993.04    1188.800
1993.05    1195.300
1993.06    1203.900
1993.07    1204.700
1993.08    1206.700
1993.09    1206.400
1993.10    1207.800
1993.11    1214.500
1993.12    1213.200
1994.01    1213.500
1994.02    1214.900
1994.03    1222.700
1994.04    1223.400
1994.05    1215.900
1994.06    1210.400
1994.07    1204.300
1994.08    1194.600
1994.09    1183.600
1994.10    1171.100
1994.11    1161.000
1994.12    1142.300
1995.01    1122.700
1995.02    1105.100
1995.03    1094.900
1995.04    1085.200
1995.05    1082.400
1995.06    1094.200
