1959.01      11.700
1959.02      11.700
1959.03      11.800
1959.04      12.000
1959.05      12.200
1959.06      12.300
1959.07      12.300
1959.08      12.400
1959.09      12.400
1959.10      12.100
1959.11      11.600
1959.12      11.200
1960.01      11.500
1960.02      11.400
1960.03      11.600
1960.04      11.800
1960.05      11.900
1960.06      12.200
1960.07      12.600
1960.08      12.900
1960.09      13.000
1960.10      12.900
1960.11      12.600
1960.12      12.300
1961.01      12.800
1961.02      13.000
1961.03      13.100
1961.04      13.400
1961.05      14.100
1961.06      14.500
1961.07      15.000
1961.08      15.200
1961.09      15.400
1961.10      15.300
1961.11      14.800
1961.12      14.500
1962.01      15.600
1962.02      16.600
1962.03      17.500
1962.04      18.100
1962.05      18.300
1962.06      18.700
1962.07      19.100
1962.08      19.400
1962.09      19.800
1962.10      19.900
1962.11      19.600
1962.12      19.700
1963.01      20.600
1963.02      21.000
1963.03      21.600
1963.04      22.000
1963.05      22.500
1963.06      22.900
1963.07      23.400
1963.08      24.100
1963.09      24.600
1963.10      25.200
1963.11      25.100
1963.12      25.000
1964.01      25.900
1964.02      26.200
1964.03      26.600
1964.04      26.700
1964.05      27.000
1964.06      27.500
1964.07      28.000
1964.08      28.400
1964.09      28.800
1964.10      28.900
1964.11      28.600
1964.12      28.500
1965.01      29.900
1965.02      30.800
1965.03      31.300
1965.04      31.500
1965.05      31.900
1965.06      32.400
1965.07      32.900
1965.08      33.400
1965.09      33.900
1965.10      34.200
1965.11      33.900
1965.12      33.600
1966.01      35.300
1966.02      36.800
1966.03      38.800
1966.04      41.500
1966.05      43.800
1966.06      45.200
1966.07      46.600
1966.08      48.900
1966.09      50.800
1966.10      52.400
1966.11      52.800
1966.12      53.400
1967.01      56.800
1967.02      59.300
1967.03      61.100
1967.04      62.900
1967.05      65.100
1967.06      67.200
1967.07      69.400
1967.08      71.000
1967.09      72.700
1967.10      73.900
1967.11      74.500
1967.12      75.600
1968.01      79.300
1968.02      82.200
1968.03      83.600
1968.04      85.200
1968.05      87.000
1968.06      89.000
1968.07      91.400
1968.08      93.200
1968.09      95.100
1968.10      96.800
1968.11      97.600
1968.12      97.800
1969.01     101.100
1969.02     104.400
1969.03     106.000
1969.04     107.700
1969.05     109.000
1969.06     110.200
1969.07     112.900
1969.08     114.800
1969.09     116.100
1969.10     116.600
1969.11     116.900
1969.12     117.400
1970.01     120.200
1970.02     124.400
1970.03     128.300
1970.04     131.300
1970.05     134.900
1970.06     137.900
1970.07     140.100
1970.08     142.200
1970.09     143.900
1970.10     145.400
1970.11     147.100
1970.12     148.800
1971.01     153.400
1971.02     158.600
1971.03     163.100
1971.04     167.200
1971.05     169.900
1971.06     172.200
1971.07     174.500
1971.08     176.800
1971.09     179.500
1971.10     181.700
1971.11     184.700
1971.12     186.800
1972.01     192.500
1972.02     197.600
1972.03     201.400
1972.04     203.300
1972.05     205.800
1972.06     209.000
1972.07     213.600
1972.08     217.000
1972.09     220.400
1972.10     223.900
1972.11     226.200
1972.12     228.300
1973.01     235.800
1973.02     240.500
1973.03     241.900
1973.04     244.700
1973.05     247.800
1973.06     250.800
1973.07     252.200
1973.08     255.500
1973.09     255.900
1973.10     256.800
1973.11     259.800
1973.12     262.300
1974.01     268.100
1974.02     272.700
1974.03     276.200
1974.04     277.500
1974.05     278.000
1974.06     279.300
1974.07     280.600
1974.08     281.700
1974.09     283.100
1974.10     284.700
1974.11     285.400
1974.12     284.800
1975.01     289.700
1975.02     294.700
1975.03     299.400
1975.04     304.200
1975.05     308.000
1975.06     312.700
1975.07     318.700
1975.08     322.300
1975.09     325.200
1975.10     328.500
1975.11     331.100
1975.12     334.900
1976.01     342.200
1976.02     346.600
1976.03     348.100
1976.04     351.500
1976.05     356.300
1976.06     359.500
1976.07     364.100
1976.08     368.900
1976.09     375.100
1976.10     380.600
1976.11     384.000
1976.12     388.100
1977.01     397.300
1977.02     403.200
1977.03     408.100
1977.04     413.200
1977.05     417.700
1977.06     422.500
1977.07     427.500
1977.08     430.400
1977.09     434.300
1977.10     438.200
1977.11     440.100
1977.12     443.300
1978.01     450.800
1978.02     454.400
1978.03     457.200
1978.04     460.500
1978.05     463.000
1978.06     469.300
1978.07     478.500
1978.08     484.400
1978.09     492.400
1978.10     501.100
1978.11     509.500
1978.12     519.400
1979.01     535.700
1979.02     546.000
1979.03     554.300
1979.04     563.900
1979.05     570.000
1979.06     576.000
1979.07     581.600
1979.08     588.000
1979.09     597.500
1979.10     611.700
1979.11     626.300
1979.12     633.100
1980.01     644.100
1980.02     653.900
1980.03     667.600
1980.04     686.000
1980.05     693.800
1980.06     692.400
1980.07     689.200
1980.08     686.900
1980.09     689.700
1980.10     697.600
1980.11     711.200
1980.12     727.900
1981.01     751.000
1981.02     761.000
1981.03     767.000
1981.04     765.800
1981.05     772.000
1981.06     781.000
1981.07     784.100
1981.08     795.800
1981.09     804.700
1981.10     819.300
1981.11     824.000
1981.12     823.000
1982.01     826.700
1982.02     835.400
1982.03     844.200
1982.04     849.700
1982.05     855.700
1982.06     861.500
1982.07     872.000
1982.08     877.000
1982.09     879.200
1982.10     875.200
1982.11     871.000
1982.12     851.400
1983.01     796.500
1983.02     756.200
1983.03     735.800
1983.04     728.200
1983.05     722.000
1983.06     722.500
1983.07     732.700
1983.08     743.300
1983.09     752.400
1983.10     767.600
1983.11     779.500
1983.12     784.900
1984.01     795.500
1984.02     803.100
1984.03     806.300
1984.04     809.900
1984.05     816.500
1984.06     828.100
1984.07     842.800
1984.08     859.200
1984.09     870.900
1984.10     882.400
1984.11     887.900
1984.12     889.900
1985.01     891.100
1985.02     886.100
1985.03     882.700
1985.04     882.600
1985.05     884.500
1985.06     887.400
1985.07     888.800
1985.08     885.200
1985.09     883.600
1985.10     884.900
1985.11     884.400
1985.12     886.400
1986.01     893.100
1986.02     894.000
1986.03     895.000
1986.04     893.400
1986.05     887.300
1986.06     884.400
1986.07     885.400
1986.08     882.000
1986.09     878.100
1986.10     872.300
1986.11     864.000
1986.12     859.100
1987.01     859.700
1987.02     855.200
1987.03     850.900
1987.04     845.500
1987.05     843.600
1987.06     852.200
1987.07     863.900
1987.08     871.300
1987.09     878.100
1987.10     891.400
1987.11     910.300
1987.12     922.000
1988.01     937.800
1988.02     954.200
1988.03     963.300
1988.04     969.300
1988.05     973.400
1988.06     978.700
1988.07     988.000
1988.08     995.300
1988.09    1006.500
1988.10    1020.500
1988.11    1029.500
1988.12    1036.700
1989.01    1053.900
1989.02    1066.500
1989.03    1076.600
1989.04    1093.000
1989.05    1110.500
1989.06    1124.600
1989.07    1136.700
1989.08    1142.500
1989.09    1143.700
1989.10    1147.600
1989.11    1149.100
1989.12    1150.700
1990.01    1155.200
1990.02    1156.100
1990.03    1156.900
1990.04    1158.800
1990.05    1159.700
1990.06    1162.900
1990.07    1169.100
1990.08    1169.800
1990.09    1170.700
1990.10    1173.300
1990.11    1172.300
1990.12    1172.900
1991.01    1177.800
1991.02    1176.800
1991.03    1170.100
1991.04    1161.900
1991.05    1150.400
1991.06    1139.500
1991.07    1132.100
1991.08    1122.600
1991.09    1112.500
1991.10    1099.100
1991.11    1082.300
1991.12    1065.700
1992.01    1046.800
1992.02    1023.100
1992.03    1003.100
1992.04     984.200
1992.05     965.800
1992.06     952.700
1992.07     941.400
1992.08     926.500
1992.09     912.900
1992.10     897.400
1992.11     880.700
1992.12     868.700
1993.01     860.900
1993.02     853.300
1993.03     845.700
1993.04     838.300
1993.05     830.200
1993.06     822.800
1993.07     816.100
1993.08     808.400
1993.09     802.500
1993.10     796.900
1993.11     789.900
1993.12     784.400
1994.01     780.200
1994.02     775.200
1994.03     771.600
1994.04     769.300
1994.05     769.200
1994.06     772.100
1994.07     776.900
1994.08     783.100
1994.09     789.900
1994.10     800.000
1994.11     809.300
1994.12     819.100
1995.01     835.900
1995.02     855.100
1995.03     877.300
1995.04     895.200
1995.05     908.000
1995.06     916.300
