1959.01      11.700
1959.02      11.700
1959.03      11.800
1959.04      12.000
1959.05      12.100
1959.06      12.200
1959.07      12.100
1959.08      12.200
1959.09      12.400
1959.10      12.300
1959.11      11.700
1959.12      11.400
1960.01      11.500
1960.02      11.500
1960.03      11.600
1960.04      11.800
1960.05      11.800
1960.06      12.100
1960.07      12.400
1960.08      12.700
1960.09      12.900
1960.10      13.100
1960.11      12.700
1960.12      12.500
1961.01      12.800
1961.02      13.100
1961.03      13.100
1961.04      13.400
1961.05      14.000
1961.06      14.400
1961.07      14.700
1961.08      15.000
1961.09      15.400
1961.10      15.500
1961.11      14.900
1961.12      14.800
1962.01      15.600
1962.02      16.500
1962.03      17.400
1962.04      18.100
1962.05      18.200
1962.06      18.600
1962.07      18.900
1962.08      19.200
1962.09      19.800
1962.10      20.200
1962.11      19.800
1962.12      20.100
1963.01      20.600
1963.02      20.900
1963.03      21.400
1963.04      22.000
1963.05      22.400
1963.06      22.800
1963.07      23.200
1963.08      24.000
1963.09      24.600
1963.10      25.400
1963.11      25.300
1963.12      25.500
1964.01      25.900
1964.02      26.100
1964.03      26.400
1964.04      26.600
1964.05      26.800
1964.06      27.300
1964.07      27.800
1964.08      28.200
1964.09      28.700
1964.10      29.000
1964.11      28.900
1964.12      29.200
1965.01      29.900
1965.02      30.700
1965.03      31.100
1965.04      31.400
1965.05      31.800
1965.06      32.200
1965.07      32.800
1965.08      33.200
1965.09      33.800
1965.10      34.300
1965.11      34.200
1965.12      34.500
1966.01      35.300
1966.02      36.700
1966.03      38.600
1966.04      41.400
1966.05      43.600
1966.06      44.900
1966.07      46.300
1966.08      48.500
1966.09      50.400
1966.10      52.400
1966.11      53.400
1966.12      55.000
1967.01      57.100
1967.02      59.300
1967.03      60.900
1967.04      62.800
1967.05      64.800
1967.06      66.700
1967.07      68.700
1967.08      70.300
1967.09      72.000
1967.10      73.900
1967.11      75.400
1967.12      77.800
1968.01      79.800
1968.02      82.200
1968.03      83.400
1968.04      84.900
1968.05      86.500
1968.06      88.200
1968.07      90.500
1968.08      92.300
1968.09      94.300
1968.10      96.900
1968.11      99.000
1968.12     100.500
1969.01     101.900
1969.02     104.400
1969.03     105.400
1969.04     107.100
1969.05     108.400
1969.06     109.300
1969.07     111.800
1969.08     113.900
1969.09     115.400
1969.10     117.000
1969.11     118.500
1969.12     120.400
1970.01     120.600
1970.02     123.500
1970.03     127.100
1970.04     130.300
1970.05     134.200
1970.06     137.200
1970.07     139.600
1970.08     142.000
1970.09     144.300
1970.10     146.500
1970.11     148.700
1970.12     151.200
1971.01     153.800
1971.02     157.500
1971.03     161.700
1971.04     165.800
1971.05     169.000
1971.06     171.300
1971.07     174.000
1971.08     176.600
1971.09     180.000
1971.10     183.000
1971.11     186.600
1971.12     189.700
1972.01     193.000
1972.02     196.200
1972.03     199.700
1972.04     201.700
1972.05     204.800
1972.06     208.100
1972.07     213.000
1972.08     216.600
1972.09     220.900
1972.10     225.300
1972.11     228.400
1972.12     231.600
1973.01     236.200
1973.02     238.900
1973.03     240.100
1973.04     243.200
1973.05     246.800
1973.06     250.000
1973.07     251.600
1973.08     255.100
1973.09     256.400
1973.10     258.100
1973.11     262.000
1973.12     265.800
1974.01     268.200
1974.02     271.000
1974.03     274.500
1974.04     276.000
1974.05     277.100
1974.06     278.700
1974.07     280.000
1974.08     281.400
1974.09     283.600
1974.10     285.800
1974.11     287.400
1974.12     287.900
1975.01     289.600
1975.02     293.000
1975.03     297.800
1975.04     303.000
1975.05     307.300
1975.06     312.300
1975.07     318.200
1975.08     322.300
1975.09     325.700
1975.10     329.400
1975.11     333.100
1975.12     337.900
1976.01     341.500
1976.02     344.700
1976.03     346.600
1976.04     350.300
1976.05     355.800
1976.06     359.400
1976.07     363.700
1976.08     369.300
1976.09     375.800
1976.10     381.400
1976.11     385.700
1976.12     390.700
1977.01     396.100
1977.02     401.000
1977.03     406.600
1977.04     412.000
1977.05     417.600
1977.06     423.000
1977.07     427.500
1977.08     431.400
1977.09     435.300
1977.10     438.700
1977.11     441.400
1977.12     445.400
1978.01     448.800
1978.02     451.800
1978.03     455.500
1978.04     459.500
1978.05     463.300
1978.06     470.200
1978.07     479.100
1978.08     485.900
1978.09     493.800
1978.10     501.200
1978.11     510.000
1978.12     521.000
1979.01     533.300
1979.02     542.900
1979.03     552.300
1979.04     563.300
1979.05     571.200
1979.06     577.600
1979.07     582.900
1979.08     589.800
1979.09     598.900
1979.10     611.100
1979.11     625.700
1979.12     634.300
1980.01     641.500
1980.02     650.600
1980.03     665.500
1980.04     686.200
1980.05     696.100
1980.06     694.800
1980.07     691.100
1980.08     688.500
1980.09     690.600
1980.10     695.700
1980.11     709.100
1980.12     728.500
1981.01     748.700
1981.02     758.000
1981.03     765.600
1981.04     767.500
1981.05     775.500
1981.06     784.300
1981.07     786.100
1981.08     796.300
1981.09     804.400
1981.10     815.900
1981.11     820.600
1981.12     823.100
1982.01     824.700
1982.02     833.100
1982.03     843.900
1982.04     853.200
1982.05     860.500
1982.06     865.300
1982.07     873.900
1982.08     876.400
1982.09     877.700
1982.10     870.400
1982.11     866.800
1982.12     850.900
1983.01     794.800
1983.02     755.000
1983.03     736.600
1983.04     731.900
1983.05     726.700
1983.06     726.000
1983.07     733.600
1983.08     742.100
1983.09     750.400
1983.10     763.300
1983.11     776.000
1983.12     784.100
1984.01     793.300
1984.02     802.100
1984.03     807.600
1984.04     814.000
1984.05     822.000
1984.06     832.100
1984.07     843.300
1984.08     857.700
1984.09     869.000
1984.10     878.300
1984.11     884.500
1984.12     888.900
1985.01     888.000
1985.02     884.700
1985.03     883.900
1985.04     886.400
1985.05     890.300
1985.06     891.600
1985.07     888.800
1985.08     884.100
1985.09     882.500
1985.10     881.900
1985.11     881.900
1985.12     885.700
1986.01     889.700
1986.02     891.900
1986.03     895.500
1986.04     896.400
1986.05     892.300
1986.06     887.700
1986.07     885.100
1986.08     881.500
1986.09     878.100
1986.10     870.600
1986.11     862.400
1986.12     859.000
1987.01     856.600
1987.02     852.800
1987.03     850.700
1987.04     847.300
1987.05     847.300
1987.06     854.700
1987.07     863.300
1987.08     871.200
1987.09     878.600
1987.10     890.700
1987.11     909.800
1987.12     922.800
1988.01     934.900
1988.02     951.400
1988.03     962.500
1988.04     970.200
1988.05     976.300
1988.06     980.800
1988.07     986.800
1988.08     995.200
1988.09    1007.500
1988.10    1020.500
1988.11    1029.700
1988.12    1038.600
1989.01    1051.500
1989.02    1063.400
1989.03    1075.600
1989.04    1093.400
1989.05    1112.600
1989.06    1126.300
1989.07    1135.100
1989.08    1142.200
1989.09    1144.600
1989.10    1147.700
1989.11    1150.100
1989.12    1153.700
1990.01    1152.800
1990.02    1153.800
1990.03    1156.900
1990.04    1160.000
1990.05    1162.500
1990.06    1164.900
1990.07    1167.900
1990.08    1169.000
1990.09    1170.100
1990.10    1172.000
1990.11    1172.500
1990.12    1174.000
1991.01    1175.900
1991.02    1175.600
1991.03    1170.700
1991.04    1163.300
1991.05    1153.000
1991.06    1141.200
1991.07    1130.700
1991.08    1121.500
1991.09    1111.300
1991.10    1097.500
1991.11    1082.800
1991.12    1066.600
1992.01    1045.300
1992.02    1022.600
1992.03    1003.800
1992.04     985.400
1992.05     968.000
1992.06     954.000
1992.07     940.300
1992.08     925.400
1992.09     911.700
1992.10     896.100
1992.11     881.200
1992.12     869.200
1993.01     859.900
1993.02     853.000
1993.03     846.200
1993.04     839.400
1993.05     832.100
1993.06     823.800
1993.07     815.100
1993.08     807.500
1993.09     801.500
1993.10     795.800
1993.11     790.300
1993.12     785.100
1994.01     779.500
1994.02     775.000
1994.03     772.000
1994.04     770.100
1994.05     770.800
1994.06     772.900
1994.07     776.000
1994.08     782.200
1994.09     789.000
1994.10     799.000
1994.11     809.800
1994.12     819.800
1995.01     835.100
1995.02     854.900
1995.03     877.700
1995.04     896.200
1995.05     909.800
1995.06     917.000
