1959.01      84.200
1959.02      84.800
1959.03      85.600
1959.04      86.200
1959.05      87.000
1959.06      87.900
1959.07      88.400
1959.08      89.200
1959.09      90.000
1959.10      90.300
1959.11      90.800
1959.12      91.700
1960.01      92.100
1960.02      92.800
1960.03      93.600
1960.04      94.200
1960.05      94.900
1960.06      95.800
1960.07      96.400
1960.08      97.300
1960.09      98.300
1960.10      99.000
1960.11      99.800
1960.12     100.800
1961.01     101.500
1961.02     102.400
1961.03     103.400
1961.04     104.100
1961.05     104.900
1961.06     106.100
1961.07     106.700
1961.08     107.600
1961.09     108.600
1961.10     109.200
1961.11     110.200
1961.12     111.300
1962.01     112.000
1962.02     112.900
1962.03     114.100
1962.04     114.900
1962.05     115.800
1962.06     117.000
1962.07     117.800
1962.08     118.800
1962.09     120.100
1962.10     121.000
1962.11     122.100
1962.12     123.400
1963.01     124.500
1963.02     125.900
1963.03     127.400
1963.04     128.500
1963.05     129.700
1963.06     131.100
1963.07     132.000
1963.08     133.000
1963.09     134.400
1963.10     135.200
1963.11     136.300
1963.12     137.600
1964.01     138.500
1964.02     139.800
1964.03     141.200
1964.04     142.200
1964.05     143.500
1964.06     145.100
1964.07     146.100
1964.08     147.500
1964.09     149.000
1964.10     149.900
1964.11     151.100
1964.12     152.400
1965.01     153.200
1965.02     154.400
1965.03     155.700
1965.04     156.400
1965.05     157.400
1965.06     158.800
1965.07     159.500
1965.08     160.400
1965.09     161.700
1965.10     162.300
1965.11     163.300
1965.12     164.500
1966.01     165.100
1966.02     165.900
1966.03     166.100
1966.04     165.300
1966.05     164.800
1966.06     164.800
1966.07     163.900
1966.08     163.400
1966.09     163.500
1966.10     162.800
1966.11     162.800
1966.12     163.300
1967.01     163.100
1967.02     163.400
1967.03     164.200
1967.04     164.800
1967.05     165.800
1967.06     166.800
1967.07     167.400
1967.08     168.200
1967.09     169.100
1967.10     169.200
1967.11     169.500
1967.12     169.600
1968.01     168.900
1968.02     169.000
1968.03     169.600
1968.04     169.500
1968.05     169.700
1968.06     170.100
1968.07     169.900
1968.08     170.300
1968.09     171.300
1968.10     171.300
1968.11     171.600
1968.12     172.800
1969.01     172.600
1969.02     172.300
1969.03     173.200
1969.04     172.600
1969.05     172.400
1969.06     173.100
1969.07     171.800
1969.08     170.500
1969.09     170.600
1969.10     169.700
1969.11     169.500
1969.12     169.800
1970.01     169.000
1970.02     165.200
1970.03     162.200
1970.04     159.300
1970.05     157.600
1970.06     157.300
1970.07     157.400
1970.08     157.800
1970.09     159.100
1970.10     160.100
1970.11     161.100
1970.12     162.300
1971.01     163.800
1971.02     164.900
1971.03     166.100
1971.04     167.600
1971.05     169.600
1971.06     171.300
1971.07     173.200
1971.08     174.800
1971.09     176.300
1971.10     177.500
1971.11     178.500
1971.12     179.400
1972.01     180.600
1972.02     181.800
1972.03     183.200
1972.04     184.300
1972.05     185.300
1972.06     186.600
1972.07     188.400
1972.08     190.200
1972.09     192.000
1972.10     193.400
1972.11     195.100
1972.12     196.600
1973.01     197.700
1973.02     198.300
1973.03     199.100
1973.04     199.400
1973.05     199.800
1973.06     200.600
1973.07     201.100
1973.08     199.700
1973.09     198.700
1973.10     198.500
1973.11     198.300
1973.12     198.700
1974.01     198.900
1974.02     199.000
1974.03     199.500
1974.04     199.700
1974.05     199.300
1974.06     199.100
1974.07     199.200
1974.08     198.800
1974.09     199.000
1974.10     199.600
1974.11     200.500
1974.12     201.800
1975.01     203.300
1975.02     205.100
1975.03     207.400
1975.04     210.000
1975.05     212.900
1975.06     215.900
1975.07     218.600
1975.08     220.600
1975.09     222.500
1975.10     224.100
1975.11     226.000
1975.12     227.600
1976.01     229.500
1976.02     232.000
1976.03     234.200
1976.04     236.100
1976.05     237.800
1976.06     238.900
1976.07     240.600
1976.08     242.700
1976.09     244.700
1976.10     247.000
1976.11     249.700
1976.12     251.400
1977.01     253.700
1977.02     255.800
1977.03     256.800
1977.04     258.900
1977.05     260.300
1977.06     261.700
1977.07     263.400
1977.08     265.800
1977.09     268.000
1977.10     269.700
1977.11     272.100
1977.12     273.500
1978.01     274.900
1978.02     276.400
1978.03     277.200
1978.04     277.800
1978.05     278.300
1978.06     276.700
1978.07     273.100
1978.08     272.800
1978.09     273.000
1978.10     271.700
1978.11     269.200
1978.12     265.500
1979.01     259.800
1979.02     256.400
1979.03     254.500
1979.04     251.800
1979.05     249.600
1979.06     249.600
1979.07     249.200
1979.08     249.300
1979.09     246.400
1979.10     239.100
1979.11     231.900
1979.12     228.900
1980.01     224.800
1980.02     221.400
1980.03     216.100
1980.04     208.800
1980.05     205.600
1980.06     209.700
1980.07     216.000
1980.08     223.000
1980.09     226.100
1980.10     226.000
1980.11     222.100
1980.12     214.600
1981.01     205.000
1981.02     201.700
1981.03     200.400
1981.04     201.000
1981.05     197.900
1981.06     194.200
1981.07     193.900
1981.08     190.000
1981.09     187.000
1981.10     184.600
1981.11     184.400
1981.12     185.000
1982.01     186.900
1982.02     186.300
1982.03     185.200
1982.04     185.100
1982.05     185.000
1982.06     184.900
1982.07     183.900
1982.08     184.600
1982.09     185.900
1982.10     191.900
1982.11     196.300
1982.12     210.100
1983.01     257.400
1983.02     294.100
1983.03     312.100
1983.04     321.000
1983.05     327.600
1983.06     330.800
1983.07     330.500
1983.08     328.300
1983.09     326.900
1983.10     324.800
1983.11     322.300
1983.12     321.800
1984.01     321.400
1984.02     322.300
1984.03     324.500
1984.04     326.500
1984.05     325.900
1984.06     323.200
1984.07     319.600
1984.08     314.500
1984.09     313.100
1984.10     312.300
1984.11     313.100
1984.12     315.500
1985.01     320.700
1985.02     326.600
1985.03     330.900
1985.04     332.000
1985.05     333.700
1985.06     337.300
1985.07     342.400
1985.08     347.700
1985.09     350.600
1985.10     354.500
1985.11     357.500
1985.12     358.700
1986.01     358.300
1986.02     358.900
1986.03     359.700
1986.04     363.200
1986.05     368.800
1986.06     374.700
1986.07     379.900
1986.08     385.800
1986.09     391.100
1986.10     397.700
1986.11     403.700
1986.12     407.500
1987.01     412.700
1987.02     417.000
1987.03     419.600
1987.04     422.500
1987.05     424.500
1987.06     423.900
1987.07     421.100
1987.08     418.400
1987.09     416.500
1987.10     412.400
1987.11     405.900
1987.12     402.800
1988.01     400.400
1988.02     398.300
1988.03     398.100
1988.04     399.300
1988.05     400.000
1988.06     400.500
1988.07     399.400
1988.08     396.600
1988.09     391.900
1988.10     388.500
1988.11     386.200
1988.12     384.300
1989.01     379.400
1989.02     372.600
1989.03     366.800
1989.04     358.400
1989.05     350.100
1989.06     347.900
1989.07     347.000
1989.08     346.700
1989.09     347.500
1989.10     348.600
1989.11     349.400
1989.12     349.900
1990.01     349.300
1990.02     350.100
1990.03     351.600
1990.04     352.700
1990.05     351.500
1990.06     349.400
1990.07     348.600
1990.08     347.200
1990.09     346.300
1990.10     343.500
1990.11     341.400
1990.12     338.400
1991.01     338.500
1991.02     340.000
1991.03     344.300
1991.04     349.900
1991.05     356.100
1991.06     359.700
1991.07     363.300
1991.08     363.500
1991.09     365.000
1991.10     368.300
1991.11     371.400
1991.12     375.600
1992.01     383.100
1992.02     392.100
1992.03     399.700
1992.04     404.700
1992.05     410.500
1992.06     413.100
1992.07     415.900
1992.08     419.200
1992.09     422.800
1992.10     425.000
1992.11     427.500
1992.12     428.900
1993.01     429.800
1993.02     426.400
1993.03     425.000
1993.04     425.500
1993.05     427.700
1993.06     429.000
1993.07     429.900
1993.08     429.900
1993.09     429.700
1993.10     429.800
1993.11     429.000
1993.12     429.800
1994.01     429.800
1994.02     429.100
1994.03     430.500
1994.04     431.100
1994.05     430.200
1994.06     426.800
1994.07     423.200
1994.08     417.000
1994.09     410.900
1994.10     405.600
1994.11     398.500
1994.12     391.900
1995.01     385.600
1995.02     377.600
1995.03     371.500
1995.04     366.400
1995.05     364.200
1995.06     363.100
