1959.01     147.700
1959.02     148.400
1959.03     149.500
1959.04     150.500
1959.05     151.500
1959.06     153.100
1959.07     154.100
1959.08     154.800
1959.09     155.700
1959.10     156.200
1959.11     156.100
1959.12     157.000
1960.01     158.200
1960.02     158.600
1960.03     159.700
1960.04     160.600
1960.05     161.200
1960.06     163.000
1960.07     164.600
1960.08     165.900
1960.09     167.300
1960.10     168.700
1960.11     169.400
1960.12     170.800
1961.01     173.100
1961.02     175.000
1961.03     176.600
1961.04     177.900
1961.05     179.400
1961.06     181.600
1961.07     183.400
1961.08     184.400
1961.09     185.700
1961.10     187.100
1961.11     187.800
1961.12     189.400
1962.01     192.200
1962.02     194.800
1962.03     197.400
1962.04     199.300
1962.05     200.500
1962.06     202.800
1962.07     205.000
1962.08     206.500
1962.09     208.500
1962.10     210.500
1962.11     211.600
1962.12     213.900
1963.01     217.000
1963.02     219.400
1963.03     222.000
1963.04     223.800
1963.05     225.500
1963.06     228.100
1963.07     230.300
1963.08     232.000
1963.09     233.900
1963.10     235.900
1963.11     237.100
1963.12     238.900
1964.01     241.700
1964.02     243.700
1964.03     245.900
1964.04     247.200
1964.05     248.700
1964.06     251.400
1964.07     253.900
1964.08     255.700
1964.09     257.900
1964.10     260.200
1964.11     261.400
1964.12     263.500
1965.01     267.100
1965.02     269.800
1965.03     272.300
1965.04     273.700
1965.05     275.000
1965.06     277.800
1965.07     280.200
1965.08     282.000
1965.09     284.500
1965.10     287.100
1965.11     288.400
1965.12     290.500
1966.01     293.300
1966.02     295.100
1966.03     297.200
1966.04     297.700
1966.05     298.200
1966.06     299.600
1966.07     301.100
1966.08     301.800
1966.09     303.600
1966.10     305.300
1966.11     305.300
1966.12     306.800
1967.01     309.800
1967.02     311.900
1967.03     315.300
1967.04     318.100
1967.05     321.100
1967.06     325.400
1967.07     329.100
1967.08     331.400
1967.09     334.400
1967.10     337.400
1967.11     337.800
1967.12     339.600
1968.01     342.700
1968.02     345.100
1968.03     348.100
1968.04     349.600
1968.05     350.900
1968.06     354.000
1968.07     356.400
1968.08     358.100
1968.09     361.300
1968.10     364.300
1968.11     364.900
1968.12     366.800
1969.01     369.700
1969.02     371.800
1969.03     375.000
1969.04     376.000
1969.05     376.100
1969.06     378.500
1969.07     379.400
1969.08     379.000
1969.09     380.200
1969.10     380.700
1969.11     379.800
1969.12     380.800
1970.01     381.100
1970.02     381.400
1970.03     383.800
1970.04     384.800
1970.05     386.600
1970.06     390.600
1970.07     393.200
1970.08     395.000
1970.09     397.900
1970.10     401.700
1970.11     403.700
1970.12     407.800
1971.01     415.100
1971.02     423.700
1971.03     433.700
1971.04     442.100
1971.05     447.400
1971.06     453.000
1971.07     457.300
1971.08     460.100
1971.09     464.300
1971.10     469.000
1971.11     472.400
1971.12     476.700
1972.01     485.000
1972.02     493.300
1972.03     502.100
1972.04     507.000
1972.05     510.400
1972.06     517.000
1972.07     523.800
1972.08     528.300
1972.09     533.200
1972.10     539.400
1972.11     542.500
1972.12     547.000
1973.01     555.900
1973.02     561.800
1973.03     566.800
1973.04     571.400
1973.05     575.000
1973.06     580.800
1973.07     582.600
1973.08     581.700
1973.09     579.400
1973.10     581.100
1973.11     582.600
1973.12     586.200
1974.01     592.800
1974.02     598.500
1974.03     606.300
1974.04     610.000
1974.05     609.900
1974.06     613.200
1974.07     615.500
1974.08     614.200
1974.09     614.400
1974.10     617.700
1974.11     618.500
1974.12     620.200
1975.01     627.600
1975.02     636.600
1975.03     649.100
1975.04     660.800
1975.05     669.100
1975.06     682.000
1975.07     692.800
1975.08     697.200
1975.09     701.700
1975.10     708.200
1975.11     712.500
1975.12     720.200
1976.01     732.900
1976.02     746.700
1976.03     757.800
1976.04     768.600
1976.05     776.900
1976.06     783.300
1976.07     791.400
1976.08     798.400
1976.09     808.100
1976.10     820.400
1976.11     827.600
1976.12     837.300
1977.01     852.200
1977.02     863.200
1977.03     875.200
1977.04     886.400
1977.05     892.300
1977.06     900.600
1977.07     909.300
1977.08     913.600
1977.09     919.400
1977.10     926.400
1977.11     927.100
1977.12     931.400
1978.01     941.200
1978.02     946.900
1978.03     955.100
1978.04     961.600
1978.05     964.000
1978.06     970.900
1978.07     977.400
1978.08     980.400
1978.09     988.200
1978.10     996.000
1978.11     994.800
1978.12     997.500
1979.01    1005.100
1979.02    1009.000
1979.03    1017.600
1979.04    1025.300
1979.05    1026.700
1979.06    1034.800
1979.07    1042.500
1979.08    1046.200
1979.09    1050.400
1979.10    1054.400
1979.11    1052.300
1979.12    1053.700
1980.01    1059.200
1980.02    1061.400
1980.03    1067.900
1980.04    1074.300
1980.05    1076.900
1980.06    1085.400
1980.07    1096.300
1980.08    1102.100
1980.09    1108.400
1980.10    1117.600
1980.11    1122.500
1980.12    1125.000
1981.01    1131.800
1981.02    1133.500
1981.03    1139.400
1981.04    1140.500
1981.05    1140.300
1981.06    1144.400
1981.07    1148.000
1981.08    1149.800
1981.09    1151.800
1981.10    1162.500
1981.11    1164.400
1981.12    1164.200
1982.01    1172.100
1982.02    1178.600
1982.03    1188.800
1982.04    1196.300
1982.05    1201.400
1982.06    1207.700
1982.07    1217.900
1982.08    1221.000
1982.09    1224.300
1982.10    1229.700
1982.11    1231.100
1982.12    1248.600
1983.01    1318.100
1983.02    1356.500
1983.03    1377.300
1983.04    1391.700
1983.05    1401.200
1983.06    1412.800
1983.07    1425.200
1983.08    1429.700
1983.09    1436.400
1983.10    1451.900
1983.11    1461.900
1983.12    1467.300
1984.01    1481.900
1984.02    1493.700
1984.03    1506.000
1984.04    1514.800
1984.05    1518.900
1984.06    1529.100
1984.07    1539.200
1984.08    1544.400
1984.09    1553.300
1984.10    1567.200
1984.11    1580.200
1984.12    1592.200
1985.01    1612.300
1985.02    1621.800
1985.03    1629.700
1985.04    1633.400
1985.05    1640.000
1985.06    1658.000
1985.07    1672.000
1985.08    1675.900
1985.09    1679.200
1985.10    1689.300
1985.11    1695.300
1985.12    1699.500
1986.01    1711.200
1986.02    1712.800
1986.03    1721.600
1986.04    1730.400
1986.05    1736.300
1986.06    1749.800
1986.07    1763.900
1986.08    1771.400
1986.09    1779.500
1986.10    1790.600
1986.11    1794.400
1986.12    1798.100
1987.01    1812.000
1987.02    1812.000
1987.03    1817.300
1987.04    1817.500
1987.05    1813.800
1987.06    1823.800
1987.07    1833.700
1987.08    1835.200
1987.09    1836.900
1987.10    1844.200
1987.11    1852.200
1987.12    1858.000
1988.01    1873.700
1988.02    1889.200
1988.03    1906.100
1988.04    1916.000
1988.05    1919.600
1988.06    1932.000
1988.07    1943.000
1988.08    1942.900
1988.09    1944.200
1988.10    1954.400
1988.11    1962.900
1988.12    1962.300
1989.01    1968.900
1989.02    1967.600
1989.03    1972.400
1989.04    1975.900
1989.05    1972.800
1989.06    1986.400
1989.07    2002.400
1989.08    2011.400
1989.09    2016.100
1989.10    2026.300
1989.11    2036.500
1989.12    2041.400
1990.01    2049.200
1990.02    2053.600
1990.03    2064.100
1990.04    2070.200
1990.05    2067.100
1990.06    2076.400
1990.07    2085.500
1990.08    2088.200
1990.09    2088.700
1990.10    2091.600
1990.11    2093.000
1990.12    2091.200
1991.01    2097.100
1991.02    2103.500
1991.03    2114.100
1991.04    2118.600
1991.05    2116.600
1991.06    2120.900
1991.07    2123.400
1991.08    2119.600
1991.09    2114.100
1991.10    2113.200
1991.11    2111.300
1991.12    2104.500
1992.01    2101.900
1992.02    2100.700
1992.03    2102.900
1992.04    2098.700
1992.05    2086.900
1992.06    2083.600
1992.07    2080.800
1992.08    2075.000
1992.09    2071.300
1992.10    2067.300
1992.11    2061.600
1992.12    2049.500
1993.01    2038.300
1993.02    2031.500
1993.03    2029.700
1993.04    2027.100
1993.05    2025.500
1993.06    2026.700
1993.07    2020.800
1993.08    2015.100
1993.09    2008.900
1993.10    2004.700
1993.11    2004.400
1993.12    1997.600
1994.01    1993.700
1994.02    1990.100
1994.03    1994.300
1994.04    1992.700
1994.05    1985.100
1994.06    1982.500
1994.07    1981.200
1994.08    1977.700
1994.09    1973.500
1994.10    1971.100
1994.11    1970.300
1994.12    1961.400
1995.01    1958.600
1995.02    1960.200
1995.03    1972.200
1995.04    1980.400
1995.05    1990.400
1995.06    2010.500
