1959.01     147.700
1959.02     148.300
1959.03     149.400
1959.04     150.400
1959.05     151.600
1959.06     152.900
1959.07     153.500
1959.08     154.500
1959.09     155.700
1959.10     156.000
1959.11     156.700
1959.12     157.900
1960.01     158.200
1960.02     158.600
1960.03     159.600
1960.04     160.500
1960.05     161.300
1960.06     162.800
1960.07     163.900
1960.08     165.500
1960.09     167.200
1960.10     168.600
1960.11     170.100
1960.12     171.600
1961.01     173.100
1961.02     175.000
1961.03     176.400
1961.04     177.700
1961.05     179.500
1961.06     181.400
1961.07     182.600
1961.08     184.100
1961.09     185.800
1961.10     187.000
1961.11     188.600
1961.12     190.300
1962.01     192.200
1962.02     194.500
1962.03     197.100
1962.04     199.100
1962.05     200.600
1962.06     202.700
1962.07     204.400
1962.08     206.200
1962.09     208.600
1962.10     210.500
1962.11     212.500
1962.12     214.900
1963.01     216.900
1963.02     219.000
1963.03     221.500
1963.04     223.600
1963.05     225.700
1963.06     228.000
1963.07     229.700
1963.08     231.900
1963.09     234.100
1963.10     235.700
1963.11     237.900
1963.12     239.900
1964.01     241.500
1964.02     243.300
1964.03     245.300
1964.04     246.900
1964.05     248.900
1964.06     251.400
1964.07     253.300
1964.08     255.600
1964.09     258.100
1964.10     259.800
1964.11     262.100
1964.12     264.400
1965.01     266.800
1965.02     269.500
1965.03     271.800
1965.04     273.500
1965.05     275.500
1965.06     277.900
1965.07     279.800
1965.08     282.000
1965.09     284.600
1965.10     286.600
1965.11     289.000
1965.12     291.400
1966.01     292.900
1966.02     295.000
1966.03     296.700
1966.04     297.400
1966.05     298.700
1966.06     299.600
1966.07     300.600
1966.08     301.700
1966.09     303.500
1966.10     304.600
1966.11     306.000
1966.12     308.100
1967.01     309.800
1967.02     312.200
1967.03     314.800
1967.04     317.900
1967.05     321.500
1967.06     325.000
1967.07     328.200
1967.08     331.100
1967.09     334.000
1967.10     336.500
1967.11     338.800
1967.12     341.500
1968.01     343.000
1968.02     345.700
1968.03     347.700
1968.04     349.200
1968.05     351.000
1968.06     353.100
1968.07     355.100
1968.08     357.600
1968.09     360.800
1968.10     363.600
1968.11     366.400
1968.12     369.400
1969.01     370.600
1969.02     372.600
1969.03     374.300
1969.04     375.000
1969.05     375.700
1969.06     377.200
1969.07     377.800
1969.08     378.300
1969.09     380.000
1969.10     380.500
1969.11     381.800
1969.12     384.100
1970.01     383.300
1970.02     381.400
1970.03     381.600
1970.04     381.700
1970.05     384.300
1970.06     387.600
1970.07     391.100
1970.08     394.900
1970.09     399.400
1970.10     403.500
1970.11     407.500
1970.12     412.200
1971.01     417.400
1971.02     423.600
1971.03     431.200
1971.04     438.400
1971.05     444.700
1971.06     449.500
1971.07     454.800
1971.08     460.000
1971.09     466.000
1971.10     471.200
1971.11     476.800
1971.12     481.900
1972.01     487.700
1972.02     493.300
1972.03     499.200
1972.04     502.800
1972.05     507.500
1972.06     513.000
1972.07     520.700
1972.08     527.800
1972.09     535.200
1972.10     541.900
1972.11     547.600
1972.12     553.000
1973.01     558.900
1973.02     562.000
1973.03     563.600
1973.04     567.000
1973.05     571.900
1973.06     576.600
1973.07     579.000
1973.08     581.000
1973.09     581.400
1973.10     583.600
1973.11     587.800
1973.12     592.600
1974.01     595.800
1974.02     598.800
1974.03     603.300
1974.04     605.500
1974.05     606.800
1974.06     609.100
1974.07     611.700
1974.08     613.400
1974.09     616.300
1974.10     620.000
1974.11     623.600
1974.12     626.500
1975.01     630.600
1975.02     636.900
1975.03     646.200
1975.04     656.500
1975.05     666.100
1975.06     677.900
1975.07     688.800
1975.08     696.500
1975.09     703.400
1975.10     710.000
1975.11     717.800
1975.12     726.800
1976.01     735.900
1976.02     747.400
1976.03     755.200
1976.04     764.100
1976.05     774.100
1976.06     779.400
1976.07     787.100
1976.08     797.600
1976.09     809.300
1976.10     821.200
1976.11     832.900
1976.12     844.000
1977.01     855.300
1977.02     864.400
1977.03     873.000
1977.04     882.100
1977.05     890.200
1977.06     897.400
1977.07     905.000
1977.08     913.000
1977.09     920.000
1977.10     925.900
1977.11     932.000
1977.12     937.700
1978.01     943.600
1978.02     948.400
1978.03     953.200
1978.04     958.200
1978.05     963.000
1978.06     968.500
1978.07     973.100
1978.08     979.800
1978.09     988.700
1978.10     994.600
1978.11     998.900
1978.12    1003.200
1979.01    1006.200
1979.02    1009.900
1979.03    1015.800
1979.04    1022.700
1979.05    1026.900
1979.06    1033.600
1979.07    1039.000
1979.08    1046.100
1979.09    1051.100
1979.10    1052.800
1979.11    1055.000
1979.12    1058.400
1980.01    1059.100
1980.02    1061.600
1980.03    1065.900
1980.04    1072.700
1980.05    1078.200
1980.06    1085.300
1980.07    1093.600
1980.08    1102.200
1980.09    1109.400
1980.10    1115.500
1980.11    1123.900
1980.12    1129.100
1981.01    1131.300
1981.02    1133.500
1981.03    1137.900
1981.04    1140.100
1981.05    1142.400
1981.06    1145.000
1981.07    1145.700
1981.08    1149.500
1981.09    1152.300
1981.10    1159.500
1981.11    1163.900
1981.12    1167.300
1982.01    1171.600
1982.02    1178.800
1982.03    1188.400
1982.04    1197.600
1982.05    1204.400
1982.06    1208.600
1982.07    1215.600
1982.08    1219.900
1982.09    1224.200
1982.10    1225.700
1982.11    1229.600
1982.12    1251.300
1983.01    1316.600
1983.02    1357.200
1983.03    1376.000
1983.04    1392.700
1983.05    1404.700
1983.06    1413.000
1983.07    1422.300
1983.08    1429.300
1983.09    1437.700
1983.10    1449.800
1983.11    1461.100
1983.12    1469.300
1984.01    1479.100
1984.02    1493.200
1984.03    1504.500
1984.04    1516.200
1984.05    1523.900
1984.06    1530.100
1984.07    1536.300
1984.08    1543.800
1984.09    1554.500
1984.10    1565.400
1984.11    1579.000
1984.12    1593.700
1985.01    1608.400
1985.02    1621.000
1985.03    1628.400
1985.04    1634.900
1985.05    1646.100
1985.06    1659.400
1985.07    1668.800
1985.08    1675.500
1985.09    1681.200
1985.10    1688.500
1985.11    1694.600
1985.12    1701.100
1986.01    1707.000
1986.02    1711.800
1986.03    1719.700
1986.04    1731.500
1986.05    1742.600
1986.06    1750.800
1986.07    1760.200
1986.08    1770.800
1986.09    1781.900
1986.10    1790.200
1986.11    1793.700
1986.12    1800.000
1987.01    1808.800
1987.02    1812.100
1987.03    1815.300
1987.04    1817.600
1987.05    1819.700
1987.06    1824.400
1987.07    1829.200
1987.08    1834.000
1987.09    1838.900
1987.10    1843.700
1987.11    1851.300
1987.12    1860.400
1988.01    1871.600
1988.02    1889.600
1988.03    1903.800
1988.04    1915.300
1988.05    1925.500
1988.06    1933.400
1988.07    1938.800
1988.08    1941.400
1988.09    1945.700
1988.10    1953.900
1988.11    1961.800
1988.12    1965.300
1989.01    1968.000
1989.02    1968.000
1989.03    1969.800
1989.04    1974.600
1989.05    1978.300
1989.06    1988.100
1989.07    1998.700
1989.08    2009.900
1989.09    2017.100
1989.10    2025.800
1989.11    2035.500
1989.12    2044.700
1990.01    2050.300
1990.02    2055.400
1990.03    2062.300
1990.04    2068.800
1990.05    2070.500
1990.06    2076.000
1990.07    2081.600
1990.08    2086.000
1990.09    2089.100
1990.10    2090.900
1990.11    2091.900
1990.12    2094.500
1991.01    2099.600
1991.02    2106.500
1991.03    2112.700
1991.04    2116.900
1991.05    2119.200
1991.06    2119.900
1991.07    2119.500
1991.08    2117.100
1991.09    2114.000
1991.10    2112.300
1991.11    2109.900
1991.12    2107.800
1992.01    2106.300
1992.02    2105.400
1992.03    2101.700
1992.04    2096.300
1992.05    2088.400
1992.06    2081.500
1992.07    2076.700
1992.08    2072.300
1992.09    2071.000
1992.10    2066.400
1992.11    2059.700
1992.12    2052.800
1993.01    2044.400
1993.02    2037.300
1993.03    2028.800
1993.04    2024.500
1993.05    2026.400
1993.06    2024.000
1993.07    2016.700
1993.08    2012.400
1993.09    2008.400
1993.10    2003.700
1993.11    2001.800
1993.12    2000.800
1994.01    2000.600
1994.02    1996.900
1994.03    1994.000
1994.04    1990.100
1994.05    1985.600
1994.06    1979.700
1994.07    1977.200
1994.08    1974.800
1994.09    1972.700
1994.10    1970.000
1994.11    1967.600
1994.12    1964.000
1995.01    1964.900
1995.02    1966.800
1995.03    1972.600
1995.04    1978.700
1995.05    1991.300
1995.06    2008.100
