1959.01      61.200
1959.02      61.200
1959.03      61.500
1959.04      61.900
1959.05      62.200
1959.06      62.600
1959.07      62.700
1959.08      62.900
1959.09      63.200
1959.10      63.300
1959.11      63.500
1959.12      63.700
1960.01      63.500
1960.02      63.200
1960.03      63.400
1960.04      63.700
1960.05      63.800
1960.06      64.200
1960.07      64.800
1960.08      65.500
1960.09      66.100
1960.10      66.800
1960.11      67.400
1960.12      68.000
1961.01      68.600
1961.02      69.500
1961.03      70.000
1961.04      70.600
1961.05      71.500
1961.06      72.200
1961.07      72.600
1961.08      73.100
1961.09      73.700
1961.10      74.200
1961.11      74.800
1961.12      75.300
1962.01      76.500
1962.02      77.700
1962.03      79.200
1962.04      80.300
1962.05      80.800
1962.06      81.600
1962.07      82.400
1962.08      83.200
1962.09      84.100
1962.10      85.000
1962.11      85.900
1962.12      86.800
1963.01      87.700
1963.02      88.300
1963.03      89.300
1963.04      90.100
1963.05      91.000
1963.06      91.800
1963.07      92.600
1963.08      93.600
1963.09      94.300
1963.10      95.100
1963.11      95.900
1963.12      96.700
1964.01      97.200
1964.02      97.700
1964.03      98.200
1964.04      98.900
1964.05      99.400
1964.06     100.400
1964.07     101.000
1964.08     101.800
1964.09     102.700
1964.10     103.400
1964.11     104.300
1964.12     105.300
1965.01     106.700
1965.02     108.300
1965.03     109.200
1965.04     110.100
1965.05     111.100
1965.06     112.100
1965.07     113.200
1965.08     114.300
1965.09     115.500
1965.10     116.700
1965.11     118.000
1965.12     119.100
1966.01     119.900
1966.02     120.800
1966.03     121.600
1966.04     122.300
1966.05     123.300
1966.06     123.400
1966.07     124.400
1966.08     125.400
1966.09     126.400
1966.10     127.200
1966.11     127.800
1966.12     128.600
1967.01     129.300
1967.02     130.100
1967.03     131.300
1967.04     133.000
1967.05     134.900
1967.06     136.600
1967.07     138.500
1967.08     139.900
1967.09     141.400
1967.10     142.700
1967.11     143.600
1967.12     144.800
1968.01     146.000
1968.02     147.300
1968.03     148.100
1968.04     149.100
1968.05     150.000
1968.06     151.000
1968.07     152.300
1968.08     153.800
1968.09     155.700
1968.10     157.200
1968.11     158.400
1968.12     159.600
1969.01     160.400
1969.02     161.000
1969.03     161.700
1969.04     162.200
1969.05     162.400
1969.06     162.800
1969.07     163.400
1969.08     163.600
1969.09     164.000
1969.10     164.200
1969.11     164.600
1969.12     165.400
1970.01     165.000
1970.02     164.000
1970.03     163.700
1970.04     163.600
1970.05     164.900
1970.06     167.000
1970.07     168.500
1970.08     170.200
1970.09     172.200
1970.10     174.200
1970.11     175.900
1970.12     177.900
1971.01     180.000
1971.02     183.200
1971.03     187.100
1971.04     191.000
1971.05     193.400
1971.06     195.000
1971.07     196.700
1971.08     198.500
1971.09     201.000
1971.10     203.000
1971.11     205.600
1971.12     207.500
1972.01     209.600
1972.02     211.900
1972.03     214.100
1972.04     214.600
1972.05     215.800
1972.06     217.900
1972.07     221.200
1972.08     223.900
1972.09     227.100
1972.10     229.600
1972.11     231.100
1972.12     233.000
1973.01     235.300
1973.02     235.500
1973.03     235.100
1973.04     236.400
1973.05     238.600
1973.06     240.400
1973.07     240.700
1973.08     241.800
1973.09     240.700
1973.10     240.800
1973.11     242.800
1973.12     244.800
1974.01     246.100
1974.02     247.300
1974.03     249.600
1974.04     250.400
1974.05     250.900
1974.06     252.000
1974.07     253.100
1974.08     254.300
1974.09     255.900
1974.10     258.200
1974.11     259.700
1974.12     259.900
1975.01     261.300
1975.02     264.200
1975.03     268.800
1975.04     273.700
1975.05     277.500
1975.06     283.200
1975.07     288.100
1975.08     290.800
1975.09     293.300
1975.10     295.700
1975.11     299.000
1975.12     303.600
1976.01     307.800
1976.02     313.700
1976.03     315.900
1976.04     319.300
1976.05     324.000
1976.06     325.100
1976.07     328.300
1976.08     333.500
1976.09     339.800
1976.10     345.900
1976.11     351.800
1976.12     357.400
1977.01     362.300
1977.02     365.800
1977.03     370.000
1977.04     373.400
1977.05     376.200
1977.06     378.100
1977.07     380.200
1977.08     381.800
1977.09     382.900
1977.10     383.800
1977.11     385.000
1977.12     386.400
1978.01     388.300
1978.02     389.600
1978.03     390.900
1978.04     391.800
1978.05     393.100
1978.06     394.700
1978.07     395.400
1978.08     396.800
1978.09     400.000
1978.10     401.700
1978.11     401.600
1978.12     401.800
1979.01     402.300
1979.02     402.000
1979.03     403.100
1979.04     406.300
1979.05     408.700
1979.06     412.800
1979.07     416.200
1979.08     420.400
1979.09     423.100
1979.10     425.300
1979.11     428.100
1979.12     430.700
1980.01     432.800
1980.02     435.300
1980.03     439.100
1980.04     444.300
1980.05     446.700
1980.06     449.900
1980.07     454.200
1980.08     457.400
1980.09     460.400
1980.10     464.200
1980.11     469.600
1980.12     472.200
1981.01     474.300
1981.02     475.900
1981.03     478.400
1981.04     480.400
1981.05     482.000
1981.06     484.400
1981.07     486.500
1981.08     490.700
1981.09     494.200
1981.10     499.700
1981.11     503.900
1981.12     506.900
1982.01     510.800
1982.02     516.000
1982.03     523.000
1982.04     529.100
1982.05     533.800
1982.06     537.000
1982.07     542.300
1982.08     546.100
1982.09     549.400
1982.10     550.200
1982.11     552.400
1982.12     570.200
1983.01     621.300
1983.02     648.000
1983.03     657.900
1983.04     665.900
1983.05     673.900
1983.06     679.600
1983.07     685.500
1983.08     690.200
1983.09     695.800
1983.10     703.600
1983.11     710.500
1983.12     714.200
1984.01     718.200
1984.02     725.300
1984.03     731.000
1984.04     737.100
1984.05     740.800
1984.06     743.700
1984.07     746.400
1984.08     750.300
1984.09     755.100
1984.10     759.700
1984.11     767.800
1984.12     777.200
1985.01     786.700
1985.02     795.300
1985.03     799.300
1985.04     804.000
1985.05     811.200
1985.06     820.100
1985.07     826.200
1985.08     830.200
1985.09     834.100
1985.10     837.600
1985.11     840.400
1985.12     843.100
1986.01     847.500
1986.02     850.900
1986.03     855.200
1986.04     862.000
1986.05     869.000
1986.06     873.300
1986.07     878.400
1986.08     884.600
1986.09     891.600
1986.10     896.600
1986.11     898.300
1986.12     902.800
1987.01     907.900
1987.02     908.500
1987.03     909.500
1987.04     909.600
1987.05     909.500
1987.06     910.400
1987.07     912.900
1987.08     915.500
1987.09     917.300
1987.10     920.000
1987.11     923.800
1987.12     927.300
1988.01     932.500
1988.02     940.400
1988.03     947.900
1988.04     953.900
1988.05     960.100
1988.06     965.900
1988.07     970.700
1988.08     973.700
1988.09     978.100
1988.10     983.600
1988.11     991.500
1988.12     994.500
1989.01     998.500
1989.02    1002.900
1989.03    1009.200
1989.04    1016.500
1989.05    1019.500
1989.06    1022.900
1989.07    1029.200
1989.08    1038.300
1989.09    1046.000
1989.10    1055.200
1989.11    1067.300
1989.12    1076.400
1990.01    1085.400
1990.02    1093.600
1990.03    1099.800
1990.04    1106.600
1990.05    1117.500
1990.06    1134.100
1990.07    1146.300
1990.08    1154.400
1990.09    1162.500
1990.10    1175.100
1990.11    1180.100
1990.12    1193.200
1991.01    1201.200
1991.02    1212.000
1991.03    1221.200
1991.04    1224.400
1991.05    1228.300
1991.06    1238.300
1991.07    1244.800
1991.08    1255.200
1991.09    1259.400
1991.10    1263.900
1991.11    1266.200
1991.12    1268.100
1992.01    1268.100
1992.02    1269.600
1992.03    1269.100
1992.04    1273.500
1992.05    1268.900
1992.06    1266.100
1992.07    1264.500
1992.08    1263.000
1992.09    1264.100
1992.10    1266.100
1992.11    1263.900
1992.12    1262.800
1993.01    1258.500
1993.02    1262.400
1993.03    1259.200
1993.04    1256.300
1993.05    1258.400
1993.06    1258.900
1993.07    1255.100
1993.08    1254.200
1993.09    1253.700
1993.10    1251.300
1993.11    1252.000
1993.12    1254.400
1994.01    1257.000
1994.02    1257.200
1994.03    1254.600
1994.04    1251.200
1994.05    1249.200
1994.06    1247.400
1994.07    1247.900
1994.08    1251.700
1994.09    1254.000
1994.10    1253.100
1994.11    1253.200
1994.12    1254.700
1995.01    1256.500
1995.02    1258.200
1995.03    1260.900
1995.04    1263.900
1995.05    1273.000
1995.06    1290.500
