1959.01      60.900
1959.02      61.100
1959.03      61.600
1959.04      62.000
1959.05      62.300
1959.06      62.800
1959.07      63.000
1959.08      63.200
1959.09      63.500
1959.10      63.500
1959.11      63.100
1959.12      63.100
1960.01      63.200
1960.02      63.100
1960.03      63.400
1960.04      63.800
1960.05      63.900
1960.06      64.400
1960.07      65.000
1960.08      65.800
1960.09      66.400
1960.10      67.000
1960.11      67.100
1960.12      67.400
1961.01      68.300
1961.02      69.400
1961.03      70.100
1961.04      70.800
1961.05      71.500
1961.06      72.300
1961.07      73.000
1961.08      73.400
1961.09      73.800
1961.10      74.400
1961.11      74.400
1961.12      74.700
1962.01      76.200
1962.02      77.700
1962.03      79.300
1962.04      80.400
1962.05      80.900
1962.06      81.700
1962.07      82.700
1962.08      83.400
1962.09      84.200
1962.10      85.200
1962.11      85.500
1962.12      86.100
1963.01      87.400
1963.02      88.400
1963.03      89.600
1963.04      90.400
1963.05      91.100
1963.06      91.900
1963.07      92.800
1963.08      93.600
1963.09      94.300
1963.10      95.200
1963.11      95.600
1963.12      95.900
1964.01      97.000
1964.02      97.800
1964.03      98.600
1964.04      99.100
1964.05      99.500
1964.06     100.400
1964.07     101.200
1964.08     101.900
1964.09     102.600
1964.10     103.600
1964.11     104.000
1964.12     104.600
1965.01     106.600
1965.02     108.200
1965.03     109.600
1965.04     110.300
1965.05     111.000
1965.06     112.100
1965.07     113.200
1965.08     114.400
1965.09     115.500
1965.10     117.200
1965.11     117.700
1965.12     118.300
1966.01     119.700
1966.02     120.800
1966.03     122.000
1966.04     122.500
1966.05     123.200
1966.06     123.400
1966.07     124.600
1966.08     125.400
1966.09     126.300
1966.10     127.700
1966.11     127.500
1966.12     127.700
1967.01     129.100
1967.02     130.000
1967.03     131.700
1967.04     133.300
1967.05     134.900
1967.06     136.900
1967.07     138.700
1967.08     140.000
1967.09     141.400
1967.10     143.200
1967.11     143.200
1967.12     143.700
1968.01     145.600
1968.02     147.100
1968.03     148.700
1968.04     149.500
1968.05     150.200
1968.06     151.500
1968.07     152.700
1968.08     153.900
1968.09     155.700
1968.10     157.600
1968.11     157.800
1968.12     158.300
1969.01     159.700
1969.02     160.800
1969.03     162.600
1969.04     162.800
1969.05     162.800
1969.06     163.700
1969.07     163.900
1969.08     163.600
1969.09     163.900
1969.10     164.200
1969.11     163.600
1969.12     163.900
1970.01     163.900
1970.02     164.400
1970.03     165.600
1970.04     165.500
1970.05     166.400
1970.06     168.600
1970.07     169.100
1970.08     169.700
1970.09     171.000
1970.10     172.900
1970.11     173.900
1970.12     175.700
1971.01     179.000
1971.02     183.700
1971.03     189.200
1971.04     193.100
1971.05     195.100
1971.06     196.900
1971.07     197.400
1971.08     198.100
1971.09     199.600
1971.10     201.600
1971.11     203.300
1971.12     204.900
1972.01     208.400
1972.02     212.200
1972.03     216.300
1972.04     216.900
1972.05     217.600
1972.06     220.100
1972.07     222.300
1972.08     223.700
1972.09     225.400
1972.10     227.900
1972.11     228.600
1972.12     230.000
1973.01     233.900
1973.02     236.000
1973.03     237.400
1973.04     239.000
1973.05     240.500
1973.06     242.600
1973.07     241.900
1973.08     241.600
1973.09     239.000
1973.10     239.100
1973.11     240.300
1973.12     241.800
1974.01     244.700
1974.02     247.600
1974.03     251.700
1974.04     252.800
1974.05     252.900
1974.06     254.100
1974.07     254.400
1974.08     254.200
1974.09     254.300
1974.10     256.600
1974.11     257.200
1974.12     256.800
1975.01     260.100
1975.02     264.600
1975.03     270.800
1975.04     276.100
1975.05     279.700
1975.06     285.400
1975.07     289.400
1975.08     290.600
1975.09     291.600
1975.10     294.400
1975.11     296.300
1975.12     300.300
1976.01     306.400
1976.02     313.800
1976.03     317.800
1976.04     321.800
1976.05     326.200
1976.06     327.300
1976.07     329.600
1976.08     333.500
1976.09     338.400
1976.10     344.800
1976.11     348.800
1976.12     353.800
1977.01     360.800
1977.02     365.800
1977.03     371.500
1977.04     375.900
1977.05     378.500
1977.06     380.200
1977.07     381.600
1977.08     381.800
1977.09     382.100
1977.10     383.400
1977.11     382.200
1977.12     382.900
1978.01     386.900
1978.02     389.200
1978.03     392.000
1978.04     393.800
1978.05     395.000
1978.06     396.500
1978.07     396.700
1978.08     397.000
1978.09     399.600
1978.10     401.900
1978.11     399.300
1978.12     398.700
1979.01     401.200
1979.02     401.500
1979.03     403.800
1979.04     407.500
1979.05     410.000
1979.06     414.300
1979.07     417.600
1979.08     420.700
1979.09     422.900
1979.10     425.600
1979.11     426.400
1979.12     428.000
1980.01     432.100
1980.02     434.600
1980.03     439.700
1980.04     444.900
1980.05     447.400
1980.06     451.100
1980.07     455.400
1980.08     457.900
1980.09     460.300
1980.10     464.800
1980.11     468.500
1980.12     469.800
1981.01     473.500
1981.02     475.200
1981.03     478.700
1981.04     480.400
1981.05     482.300
1981.06     485.400
1981.07     487.600
1981.08     491.600
1981.09     494.400
1981.10     500.800
1981.11     504.000
1981.12     505.100
1982.01     509.900
1982.02     515.000
1982.03     522.700
1982.04     528.100
1982.05     533.200
1982.06     537.700
1982.07     543.600
1982.08     547.500
1982.09     550.200
1982.10     552.000
1982.11     553.000
1982.12     568.500
1983.01     621.700
1983.02     647.100
1983.03     658.500
1983.04     664.800
1983.05     672.300
1983.06     680.200
1983.07     686.400
1983.08     690.600
1983.09     695.400
1983.10     704.000
1983.11     710.500
1983.12     713.900
1984.01     720.200
1984.02     725.200
1984.03     731.600
1984.04     735.900
1984.05     738.100
1984.06     743.900
1984.07     747.300
1984.08     750.900
1984.09     754.700
1984.10     759.500
1984.11     768.000
1984.12     777.300
1985.01     789.300
1985.02     795.600
1985.03     800.200
1985.04     802.800
1985.05     807.800
1985.06     819.900
1985.07     827.200
1985.08     830.500
1985.09     833.200
1985.10     836.600
1985.11     840.500
1985.12     843.400
1986.01     850.800
1986.02     851.500
1986.03     856.500
1986.04     861.000
1986.05     865.000
1986.06     872.900
1986.07     879.300
1986.08     884.700
1986.09     890.400
1986.10     895.400
1986.11     898.800
1986.12     903.400
1987.01     911.100
1987.02     909.100
1987.03     911.000
1987.04     909.200
1987.05     905.200
1987.06     909.900
1987.07     914.100
1987.08     915.900
1987.09     916.200
1987.10     919.200
1987.11     924.700
1987.12     927.800
1988.01     934.800
1988.02     940.900
1988.03     949.600
1988.04     953.500
1988.05     955.300
1988.06     965.000
1988.07     971.900
1988.08     974.400
1988.09     977.200
1988.10     983.400
1988.11     992.700
1988.12     995.000
1989.01     999.900
1989.02    1003.500
1989.03    1011.000
1989.04    1015.900
1989.05    1014.600
1989.06    1022.000
1989.07    1030.400
1989.08    1039.400
1989.09    1045.200
1989.10    1055.400
1989.11    1068.500
1989.12    1076.800
1990.01    1084.300
1990.02    1092.200
1990.03    1100.900
1990.04    1107.600
1990.05    1115.800
1990.06    1134.600
1990.07    1148.600
1990.08    1155.600
1990.09    1162.100
1990.10    1175.400
1990.11    1180.900
1990.12    1191.300
1991.01    1199.300
1991.02    1210.000
1991.03    1222.100
1991.04    1225.600
1991.05    1226.900
1991.06    1239.200
1991.07    1247.200
1991.08    1256.700
1991.09    1259.400
1991.10    1264.400
1991.11    1267.100
1991.12    1265.900
1992.01    1265.100
1992.02    1266.600
1992.03    1269.900
1992.04    1275.100
1992.05    1268.000
1992.06    1267.500
1992.07    1267.000
1992.08    1264.600
1992.09    1264.200
1992.10    1266.500
1992.11    1265.200
1992.12    1260.700
1993.01    1254.600
1993.02    1258.600
1993.03    1259.800
1993.04    1258.100
1993.05    1257.900
1993.06    1260.700
1993.07    1257.700
1993.08    1256.000
1993.09    1253.900
1993.10    1251.900
1993.11    1253.700
1993.12    1252.500
1994.01    1252.500
1994.02    1252.800
1994.03    1254.800
1994.04    1252.900
1994.05    1249.000
1994.06    1249.300
1994.07    1250.500
1994.08    1253.500
1994.09    1254.400
1994.10    1253.800
1994.11    1255.100
1994.12    1253.100
1995.01    1252.400
1995.02    1253.900
1995.03    1260.800
1995.04    1265.200
1995.05    1272.600
1995.06    1292.100
