1931.01       0.950
1931.02       1.210
1931.03       1.470
1931.04       1.310
1931.05       1.010
1931.06       0.630
1931.07       0.490
1931.08       0.600
1931.09       1.220
1931.10       2.470
1931.11       2.230
1931.12       3.250
1932.01       2.680
1932.02       2.660
1932.03       2.080
1932.04       0.770
1932.05       0.430
1932.06       0.410
1932.07       0.420
1932.08       0.440
1932.09       0.230
1932.10       0.180
1932.11       0.180
1932.12       0.090
1933.01       0.210
1933.02       0.490
1933.03       2.290
1933.04       0.570
1933.05       0.420
1933.06       0.270
1933.07       0.370
1933.08       0.210
1933.09       0.100
1933.10       0.160
1933.11       0.420
1933.12       0.700
1934.01       0.670
1934.02       0.630
1934.03       0.270
1934.04       0.180
1934.05       0.140
1934.06       0.070
1934.07       0.070
1934.08       0.200
1934.09       0.270
1934.10       0.210
1934.11       0.220
1934.12       0.140
1935.01       0.140
1935.02       0.110
1935.03       0.150
1935.04       0.170
1935.05       0.150
1935.06       0.130
1935.07       0.070
1935.08       0.100
1935.09       0.210
1935.10       0.190
1935.11       0.140
1935.12       0.090
1936.01       0.100
1936.02       0.080
1936.03       0.110
1936.04       0.100
1936.05       0.180
1936.06       0.230
1936.07       0.140
1936.08       0.180
1936.09       0.160
1936.10       0.130
1936.11       0.100
1936.12       0.210
1937.01       0.360
1937.02       0.380
1937.03       0.580
1937.04       0.700
1937.05       0.650
1937.06       0.560
1937.07       0.490
1937.08       0.520
1937.09       0.530
1937.10       0.340
1937.11       0.150
1937.12       0.100
1938.01       0.100
1938.02       0.080
1938.03       0.070
1938.04       0.080
1938.05       0.030
1938.06       0.020
1938.07       0.050
1938.08       0.050
1938.09       0.100
1938.10       0.020
1938.11       0.020
1938.12       0.010
1939.01       0.000
1939.02       0.000
1939.03       0.010
1939.04       0.020
1939.05       0.010
1939.06       0.010
1939.07       0.020
1939.08       0.060
1939.09       0.100
1939.10       0.030
1939.11       0.020
1939.12       0.010
1940.02       0.000
1940.04       0.000
1940.05       0.040
1940.06       0.070
1940.07       0.010
1940.08       0.020
1940.09       0.020
1940.11       0.000
1941.02       0.030
1941.03       0.090
1941.04       0.090
1941.05       0.080
1941.06       0.090
1941.07       0.100
1941.08       0.110
1941.09       0.060
1941.10       0.050
1941.11       0.240
1941.12       0.300
1942.01       0.210
1942.02       0.250
1942.03       0.210
1942.04       0.300
1942.05       0.360
1942.06       0.360
1942.07       0.370
1942.08       0.370
1942.09       0.370
1942.10       0.370
1942.11       0.370
1942.12       0.360
1943.01       0.370
1943.02       0.370
1943.03       0.370
1943.04       0.370
1943.05       0.370
1943.06       0.370
1943.07       0.370
1943.08       0.380
1943.09       0.380
1943.10       0.380
1943.11       0.380
1943.12       0.380
1944.01       0.370
1944.02       0.380
1944.03       0.380
1944.04       0.380
1944.05       0.380
1944.06       0.380
1944.07       0.380
1944.08       0.380
1944.09       0.380
1944.10       0.380
1944.11       0.380
1944.12       0.380
1945.01       0.380
1945.02       0.380
1945.03       0.380
1945.04       0.380
1945.05       0.380
1945.06       0.380
1945.07       0.380
1945.08       0.380
1945.09       0.380
1945.10       0.380
1945.11       0.380
1945.12       0.380
1946.01       0.380
1946.02       0.380
1946.03       0.380
1946.04       0.380
1946.05       0.380
1946.06       0.380
1946.07       0.380
1946.08       0.380
1946.09       0.380
1946.10       0.380
1946.11       0.380
1946.12       0.380
1947.01       0.380
1947.02       0.380
1947.03       0.380
1947.04       0.380
1947.05       0.380
1947.06       0.380
1947.07       0.640
1947.08       0.740
1947.09       0.790
1947.10       0.840
1947.11       0.920
1947.12       0.950
1948.01       0.970
1948.02       0.990
1948.03       1.000
1948.04       1.000
1948.05       1.000
1948.06       1.000
1948.07       1.000
1948.08       1.030
1948.09       1.090
1948.10       1.120
1948.11       1.140
1948.12       1.150
1949.01       1.160
1949.02       1.160
1949.03       1.160
1949.04       1.160
1949.05       1.150
1949.06       1.160
1949.07       0.980
1949.08       1.020
1949.09       1.060
1949.10       1.040
1949.11       1.060
1949.12       1.100
1950.01       1.090
1950.02       1.130
1950.03       1.140
1950.04       1.160
1950.05       1.170
1950.06       1.170
1950.07       1.170
1950.08       1.210
1950.09       1.320
1950.10       1.330
1950.11       1.360
1950.12       1.370
1951.01       1.390
1951.02       1.390
1951.03       1.420
1951.04       1.520
1951.05       1.580
1951.06       1.500
1951.07       1.590
1951.08       1.640
1951.09       1.650
1951.10       1.610
1951.11       1.610
1951.12       1.730
1952.01       1.690
1952.02       1.570
1952.03       1.660
1952.04       1.620
1952.05       1.710
1952.06       1.700
1952.07       1.820
1952.08       1.880
1952.09       1.790
1952.10       1.780
1952.11       1.860
1952.12       2.130
1953.01       2.040
1953.02       2.020
1953.03       2.080
1953.04       2.180
1953.05       2.200
1953.06       2.230
1953.07       2.100
1953.08       2.090
1953.09       1.880
1953.10       1.400
1953.11       1.430
1953.12       1.630
1954.01       1.210
1954.02       0.980
1954.03       1.050
1954.04       1.010
1954.05       0.780
1954.06       0.650
1954.07       0.710
1954.08       0.890
1954.09       1.010
1954.10       0.990
1954.11       0.950
1954.12       1.170
1955.01       1.260
1955.02       1.180
1955.03       1.340
1955.04       1.620
1955.05       1.490
1955.06       1.430
1955.07       1.620
1955.08       1.880
1955.09       2.090
1955.10       2.260
1955.11       2.230
1955.12       2.560
1956.01       2.460
1956.02       2.370
1956.03       2.310
1956.04       2.610
1956.05       2.650
1956.06       2.530
1956.07       2.330
1956.08       2.610
1956.09       2.850
1956.10       2.960
1956.11       3.000
1956.12       3.230
1957.01       3.210
1957.02       3.170
1957.03       3.140
1957.04       3.110
1957.05       3.040
1957.06       3.320
1957.07       3.170
1957.08       3.400
1957.09       3.580
1957.10       3.590
1957.11       3.340
1957.12       3.100
1958.01       2.600
1958.02       1.560
1958.03       1.350
1958.04       1.130
1958.05       1.050
1958.06       0.880
1958.07       0.960
1958.08       1.690
1958.09       2.480
1958.10       2.790
1958.11       2.760
1958.12       2.810
1959.01       2.840
1959.02       2.710
1959.03       2.850
1959.04       2.960
1959.05       2.850
1959.06       3.250
1959.07       3.240
1959.08       3.360
1959.09       4.000
1959.10       4.120
1959.11       4.210
1959.12       4.570
1960.01       4.440
1960.02       3.950
1960.03       3.440
1960.04       3.240
1960.05       3.390
1960.06       2.640
1960.07       2.400
1960.08       2.290
1960.09       2.490
1960.10       2.430
1960.11       2.380
1960.12       2.270
1961.01       2.300
1961.02       2.410
1961.03       2.420
1961.04       2.330
1961.05       2.290
1961.06       2.360
1961.07       2.270
1961.08       2.400
1961.09       2.300
1961.10       2.350
1961.11       2.460
1961.12       2.620
1962.01       2.750
1962.02       2.750
1962.03       2.720
1962.04       2.740
1962.05       2.690
1962.06       2.720
1962.07       2.950
1962.08       2.840
1962.09       2.790
1962.10       2.750
1962.11       2.800
1962.12       2.860
1963.01       2.910
1963.02       2.920
1963.03       2.900
1963.04       2.910
1963.05       2.920
1963.06       3.000
1963.07       3.140
1963.08       3.320
1963.09       3.380
1963.10       3.450
1963.11       3.520
1963.12       3.520
1964.01       3.530
1964.02       3.530
1964.03       3.550
1964.04       3.480
1964.05       3.480
1964.06       3.480
1964.07       3.480
1964.08       3.510
1964.09       3.530
1964.10       3.580
1964.11       3.620
1964.12       3.860
1965.01       3.830
1965.02       3.930
1965.03       3.940
1965.04       3.930
1965.05       3.900
1965.06       3.810
1965.07       3.830
1965.08       3.840
1965.09       3.910
1965.10       4.030
1965.11       4.080
1965.12       4.360
1966.01       4.600
1966.02       4.670
1966.03       4.630
1966.04       4.610
1966.05       4.640
1966.06       4.540
1966.07       4.860
1966.08       4.930
1966.09       5.360
1966.10       5.390
1966.11       5.340
1966.12       5.010
1967.01       4.760
1967.02       4.550
1967.03       4.290
1967.04       3.850
1967.05       3.640
1967.06       3.480
1967.07       4.310
1967.08       4.280
1967.09       4.450
1967.10       4.590
1967.11       4.760
1967.12       5.010
1968.01       5.080
1968.02       4.970
1968.03       5.140
1968.04       5.370
1968.05       5.620
1968.06       5.540
1968.07       5.380
1968.08       5.100
1968.09       5.200
1968.10       5.330
1968.11       5.490
1968.12       5.920
1969.01       6.180
1969.02       6.160
1969.03       6.080
1969.04       6.150
1969.05       6.080
1969.06       6.490
1969.07       7.000
1969.08       7.010
1969.09       7.130
1969.10       7.040
1969.11       7.190
1969.12       7.720
1970.01       7.910
1970.02       7.160
1970.03       6.710
1970.04       6.480
1970.05       7.040
1970.06       6.740
1970.07       6.470
1970.08       6.410
1970.09       6.240
1970.10       5.930
1970.11       5.290
1970.12       4.860
1971.01       4.490
1971.02       3.770
1971.03       3.320
1971.04       3.780
1971.05       4.140
1971.06       4.700
1971.07       5.410
1971.08       5.080
1971.09       4.670
1971.10       4.490
1971.11       4.190
1971.12       4.020
1972.01       3.400
1972.02       3.180
1972.03       3.720
1972.04       3.720
1972.05       3.650
1972.06       3.870
1972.07       4.060
1972.08       4.010
1972.09       4.650
1972.10       4.720
1972.11       4.770
1972.12       5.060
1973.01       5.310
1973.02       5.560
1973.03       6.050
1973.04       6.290
1973.05       6.350
1973.06       7.190
1973.07       8.020
1973.08       8.670
1973.09       8.480
1973.10       7.160
1973.11       7.870
1973.12       7.360
1974.01       7.760
1974.02       7.060
1974.03       7.990
1974.04       8.230
1974.05       8.430
1974.06       8.150
1974.07       7.750
1974.08       8.740
1974.09       8.360
1974.10       7.240
1974.11       7.590
1974.12       7.180
1975.01       6.490
1975.02       5.580
1975.03       5.540
1975.04       5.690
1975.05       5.320
1975.06       5.190
1975.07       6.160
1975.08       6.460
1975.09       6.380
1975.10       6.080
1975.11       5.470
1975.12       5.500
1976.01       4.960
1976.02       4.850
1976.03       5.050
1976.04       4.880
1976.05       5.190
1976.06       5.440
1976.07       5.280
1976.08       5.150
1976.09       5.080
1976.10       4.930
1976.11       4.810
1976.12       4.360
1977.01       4.600
1977.02       4.660
1977.03       4.610
1977.04       4.540
1977.05       4.940
1977.06       5.000
1977.07       5.150
1977.08       5.500
1977.09       5.770
1977.10       6.190
1977.11       6.160
1977.12       6.060
1978.01       6.450
1978.02       6.460
1978.03       6.320
1978.04       6.310
1978.05       6.430
1978.06       6.710
1978.07       7.070
1978.08       7.040
1978.09       7.840
1978.10       8.130
1978.11       8.790
1978.12       9.120
1979.01       9.350
1979.02       9.270
1979.03       9.460
1979.04       9.490
1979.05       9.590
1979.06       9.050
1979.07       9.260
1979.08       9.450
1979.09      10.180
1979.10      11.470
1979.11      11.870
1979.12      12.070
1980.01      12.040
1980.02      12.810
1980.03      15.530
1980.04      14.000
1980.05       9.150
1980.06       7.000
1980.07       8.130
1980.08       9.260
1980.09      10.320
1980.10      11.580
1980.11      13.890
1980.12      15.660
1981.01      14.720
1981.02      14.910
1981.03      13.480
1981.04      13.640
1981.05      16.300
1981.06      14.560
1981.07      14.700
1981.08      15.610
1981.09      14.950
1981.10      13.870
1981.11      11.270
1981.12      10.930
1982.01      12.410
1982.02      13.780
1982.03      12.490
1982.04      12.820
1982.05      12.150
1982.06      12.110
1982.07      11.910
1982.08       9.010
1982.09       8.200
1982.10       7.750
1982.11       8.040
1982.12       8.010
1983.01       7.810
1983.02       8.130
1983.03       8.300
1983.04       8.250
1983.05       8.190
1983.06       8.820
1983.07       9.120
1983.08       9.390
1983.09       9.050
1983.10       8.710
1983.11       8.710
1983.12       8.960
1984.01       8.930
1984.02       9.030
1984.03       9.440
1984.04       9.690
1984.05       9.900
1984.06       9.940
1984.07      10.130
1984.08      10.490
1984.09      10.410
1984.10       9.970
1984.11       8.790
1984.12       8.160
1985.01       7.760
1985.02       8.220
1985.03       8.570
1985.04       8.000
1985.05       7.560
1985.06       7.010
1985.07       7.050
1985.08       7.180
1985.09       7.080
1985.10       7.170
1985.11       7.200
1985.12       7.070
1986.01       7.040
1986.02       7.030
1986.03       6.590
1986.04       6.060
1986.05       6.120
1986.06       6.210
1986.07       5.840
1986.08       5.570
1986.09       5.190
1986.10       5.180
1986.11       5.350
1986.12       5.490
1987.01       5.450
1987.02       5.590
1987.03       5.560
1987.04       5.760
1987.05       5.750
1987.06       5.690
1987.07       5.780
1987.08       6.000
1987.09       6.320
1987.10       6.400
1987.11       5.810
1987.12       5.800
1988.01       5.900
1988.02       5.690
1988.03       5.690
1988.04       5.920
1988.05       6.270
1988.06       6.500
1988.07       6.730
1988.08       7.020
1988.09       7.230
1988.10       7.340
1988.11       7.680
1988.12       8.090
1989.01       8.290
1989.02       8.480
1989.03       8.830
1989.04       8.700
1989.05       8.400
1989.06       8.220
1989.07       7.920
1989.08       7.910
1989.09       7.720
1989.10       7.630
1989.11       7.650
1989.12       7.640
1990.01       7.640
1990.02       7.760
1990.03       7.870
1990.04       7.780
1990.05       7.780
1990.06       7.740
1990.07       7.660
1990.08       7.440
1990.09       7.380
1990.10       7.190
1990.11       7.070
1990.12       6.810
1991.01       6.300
1991.02       5.950
1991.03       5.910
1991.04       5.670
1991.05       5.510
1991.06       5.600
1991.07       5.580
1991.08       5.390
1991.09       5.250
1991.10       5.030
1991.11       4.600
1991.12       4.120
1992.01       3.840
1992.02       3.840
1992.03       4.050
1992.04       3.810
1992.05       3.660
1992.06       3.700
1992.07       3.280
1992.08       3.140
1992.09       2.970
1992.10       2.840
1992.11       3.140
1992.12       3.250
1993.01       3.060
1993.02       2.950
1993.03       2.970
1993.04       2.890
1993.05       2.960
1993.06       3.100
1993.07       3.050
1993.08       3.050
1993.09       2.960
1993.10       3.040
1993.11       3.120
1993.12       3.080
1994.01       3.020
1994.02       3.210
1994.03       3.520
1994.04       3.740
1994.05       4.190
1994.06       4.180
1994.07       4.390
1994.08       4.500
1994.09       4.640
1994.10       4.960
1994.11       5.250
1994.12       5.640
1995.01       5.810
1995.02       5.800
1995.03       5.730
1995.04       5.670
1995.05       5.700
1995.06       5.500
