1959.01      62.800
1959.02      62.700
1959.03      63.000
1959.04      63.400
1959.05      63.700
1959.06      64.100
1959.07      64.200
1959.08      64.300
1959.09      64.600
1959.10      64.600
1959.11      64.800
1959.12      64.900
1960.01      64.700
1960.02      64.400
1960.03      64.700
1960.04      65.000
1960.05      65.100
1960.06      65.600
1960.07      66.300
1960.08      67.100
1960.09      67.800
1960.10      68.600
1960.11      69.300
1960.12      70.000
1961.01      70.800
1961.02      71.900
1961.03      72.500
1961.04      73.300
1961.05      74.400
1961.06      75.300
1961.07      76.000
1961.08      76.700
1961.09      77.400
1961.10      78.100
1961.11      78.800
1961.12      79.200
1962.01      80.600
1962.02      82.100
1962.03      84.000
1962.04      85.400
1962.05      86.000
1962.06      87.200
1962.07      88.000
1962.08      88.900
1962.09      90.100
1962.10      91.400
1962.11      92.500
1962.12      93.800
1963.01      95.000
1963.02      95.800
1963.03      97.200
1963.04      98.200
1963.05      99.300
1963.06     100.300
1963.07     101.200
1963.08     102.700
1963.09     103.800
1963.10     105.000
1963.11     106.400
1963.12     107.500
1964.01     108.500
1964.02     109.400
1964.03     110.000
1964.04     110.900
1964.05     111.900
1964.06     113.300
1964.07     114.200
1964.08     115.300
1964.09     116.600
1964.10     117.900
1964.11     119.200
1964.12     120.500
1965.01     122.600
1965.02     124.700
1965.03     125.800
1965.04     127.100
1965.05     128.400
1965.06     130.000
1965.07     131.700
1965.08     133.400
1965.09     135.300
1965.10     137.300
1965.11     138.800
1965.12     140.300
1966.01     141.300
1966.02     142.200
1966.03     143.400
1966.04     145.300
1966.05     146.900
1966.06     147.500
1966.07     149.500
1966.08     150.500
1966.09     151.300
1966.10     150.900
1966.11     150.400
1966.12     151.700
1967.01     154.600
1967.02     157.200
1967.03     159.400
1967.04     161.300
1967.05     163.200
1967.06     165.500
1967.07     167.800
1967.08     169.500
1967.09     171.500
1967.10     172.700
1967.11     174.200
1967.12     175.700
1968.01     176.700
1968.02     178.200
1968.03     179.500
1968.04     179.900
1968.05     180.600
1968.06     181.400
1968.07     184.200
1968.08     186.800
1968.09     189.400
1968.10     192.100
1968.11     194.600
1968.12     197.000
1969.01     196.200
1969.02     195.300
1969.03     195.200
1969.04     195.000
1969.05     194.500
1969.06     193.600
1969.07     191.100
1969.08     188.400
1969.09     187.700
1969.10     186.700
1969.11     185.900
1969.12     185.800
1970.01     184.100
1970.02     183.200
1970.03     184.200
1970.04     187.500
1970.05     190.000
1970.06     191.700
1970.07     198.900
1970.08     204.200
1970.09     209.400
1970.10     213.900
1970.11     218.000
1970.12     222.300
1971.01     226.300
1971.02     231.700
1971.03     237.200
1971.04     238.900
1971.05     242.100
1971.06     244.900
1971.07     247.800
1971.08     249.200
1971.09     252.100
1971.10     256.200
1971.11     260.000
1971.12     263.600
1972.01     266.300
1972.02     269.400
1972.03     271.200
1972.04     273.300
1972.05     277.800
1972.06     281.300
1972.07     285.100
1972.08     289.200
1972.09     293.300
1972.10     296.500
1972.11     300.400
1972.12     303.800
1973.01     307.100
1973.02     312.200
1973.03     319.300
1973.04     323.800
1973.05     328.400
1973.06     330.900
1973.07     335.700
1973.08     342.700
1973.09     346.500
1973.10     347.900
1973.11     349.600
1973.12     352.200
1974.01     357.500
1974.02     361.900
1974.03     365.100
1974.04     373.100
1974.05     379.400
1974.06     384.500
1974.07     388.300
1974.08     390.800
1974.09     392.800
1974.10     395.600
1974.11     396.300
1974.12     399.200
1975.01     402.700
1975.02     404.000
1975.03     405.100
1975.04     405.300
1975.05     407.000
1975.06     410.000
1975.07     412.100
1975.08     413.200
1975.09     416.100
1975.10     419.700
1975.11     423.900
1975.12     426.900
1976.01     428.600
1976.02     431.800
1976.03     434.600
1976.04     437.800
1976.05     439.700
1976.06     443.400
1976.07     446.900
1976.08     448.800
1976.09     453.000
1976.10     457.100
1976.11     461.900
1976.12     467.700
1977.01     472.100
1977.02     476.300
1977.03     480.500
1977.04     483.900
1977.05     487.900
1977.06     492.600
1977.07     497.100
1977.08     501.800
1977.09     505.400
1977.10     510.400
1977.11     515.900
1977.12     521.400
1978.01     526.700
1978.02     531.400
1978.03     537.500
1978.04     543.800
1978.05     550.400
1978.06     554.500
1978.07     558.200
1978.08     562.800
1978.09     567.200
1978.10     570.500
1978.11     577.300
1978.12     580.900
1979.01     583.600
1979.02     584.900
1979.03     586.100
1979.04     588.100
1979.05     589.200
1979.06     590.000
1979.07     593.300
1979.08     599.300
1979.09     607.400
1979.10     614.600
1979.11     618.100
1979.12     621.600
1980.01     624.800
1980.02     629.700
1980.03     636.500
1980.04     645.600
1980.05     647.900
1980.06     644.600
1980.07     643.500
1980.08     646.200
1980.09     651.900
1980.10     659.500
1980.11     673.200
1980.12     687.400
1981.01     699.800
1981.02     705.600
1981.03     706.500
1981.04     707.000
1981.05     714.100
1981.06     721.000
1981.07     726.900
1981.08     734.900
1981.09     740.600
1981.10     746.100
1981.11     751.100
1981.12     756.900
1982.01     763.100
1982.02     772.500
1982.03     782.000
1982.04     791.900
1982.05     795.600
1982.06     799.700
1982.07     808.000
1982.08     813.100
1982.09     815.000
1982.10     817.900
1982.11     819.500
1982.12     831.300
1983.01     863.300
1983.02     877.900
1983.03     881.500
1983.04     887.500
1983.05     889.600
1983.06     896.700
1983.07     899.200
1983.08     904.600
1983.09     910.400
1983.10     916.000
1983.11     926.600
1983.12     933.900
1984.01     938.900
1984.02     945.800
1984.03     954.100
1984.04     963.200
1984.05     974.500
1984.06     984.000
1984.07     991.800
1984.08     997.700
1984.09    1005.700
1984.10    1015.900
1984.11    1023.100
1984.12    1033.300
1985.01    1039.600
1985.02    1048.800
1985.03    1057.300
1985.04    1064.900
1985.05    1070.500
1985.06    1077.000
1985.07    1081.100
1985.08    1087.000
1985.09    1094.800
1985.10    1102.100
1985.11    1107.900
1985.12    1113.700
1986.01    1126.600
1986.02    1132.300
1986.03    1132.900
1986.04    1137.400
1986.05    1140.800
1986.06    1143.300
1986.07    1149.400
1986.08    1156.500
1986.09    1163.500
1986.10    1165.700
1986.11    1167.100
1986.12    1172.600
1987.01    1181.700
1987.02    1183.900
1987.03    1187.900
1987.04    1192.700
1987.05    1198.200
1987.06    1202.800
1987.07    1205.300
1987.08    1208.800
1987.09    1212.300
1987.10    1218.500
1987.11    1226.800
1987.12    1231.600
1988.01    1234.300
1988.02    1245.400
1988.03    1255.500
1988.04    1261.900
1988.05    1270.400
1988.06    1281.900
1988.07    1293.100
1988.08    1301.900
1988.09    1311.200
1988.10    1320.600
1988.11    1330.000
1988.12    1338.300
1989.01    1347.600
1989.02    1358.600
1989.03    1371.600
1989.04    1385.300
1989.05    1390.300
1989.06    1394.200
1989.07    1402.000
1989.08    1411.500
1989.09    1420.900
1989.10    1432.200
1989.11    1446.500
1989.12    1456.400
1990.01    1464.600
1990.02    1470.700
1990.03    1476.600
1990.04    1480.200
1990.05    1491.600
1990.06    1508.100
1990.07    1522.700
1990.08    1528.200
1990.09    1530.300
1990.10    1541.000
1990.11    1545.300
1990.12    1553.200
1991.01    1566.500
1991.02    1581.300
1991.03    1588.700
1991.04    1588.500
1991.05    1591.100
1991.06    1600.500
1991.07    1602.600
1991.08    1609.500
1991.09    1610.000
1991.10    1608.700
1991.11    1604.400
1991.12    1601.400
1992.01    1597.900
1992.02    1595.600
1992.03    1594.600
1992.04    1593.700
1992.05    1585.000
1992.06    1578.100
1992.07    1572.400
1992.08    1567.900
1992.09    1564.600
1992.10    1560.000
1992.11    1553.300
1992.12    1549.500
1993.01    1537.800
1993.02    1540.800
1993.03    1534.600
1993.04    1534.900
1993.05    1538.300
1993.06    1536.600
1993.07    1529.300
1993.08    1528.700
1993.09    1526.200
1993.10    1524.100
1993.11    1522.200
1993.12    1525.600
1994.01    1530.400
1994.02    1527.300
1994.03    1523.400
1994.04    1519.200
1994.05    1521.200
1994.06    1521.400
1994.07    1524.200
1994.08    1531.500
1994.09    1538.600
1994.10    1542.400
1994.11    1547.000
1994.12    1553.000
1995.01    1553.400
1995.02    1562.000
1995.03    1569.200
1995.04    1572.200
1995.05    1587.800
1995.06    1607.600
