1959.01     149.300
1959.02     149.800
1959.03     150.900
1959.04     151.900
1959.05     153.100
1959.06     154.400
1959.07     155.000
1959.08     155.900
1959.09     157.100
1959.10     157.300
1959.11     158.000
1959.12     159.100
1960.01     159.400
1960.02     159.800
1960.03     160.900
1960.04     161.800
1960.05     162.600
1960.06     164.200
1960.07     165.400
1960.08     167.100
1960.09     168.900
1960.10     170.400
1960.11     172.000
1960.12     173.600
1961.01     175.300
1961.02     177.400
1961.03     178.900
1961.04     180.400
1961.05     182.400
1961.06     184.500
1961.07     186.000
1961.08     187.700
1961.09     189.500
1961.10     190.900
1961.11     192.600
1961.12     194.200
1962.01     196.300
1962.02     198.900
1962.03     201.900
1962.04     204.200
1962.05     205.800
1962.06     208.300
1962.07     210.000
1962.08     211.900
1962.09     214.600
1962.10     216.900
1962.11     219.100
1962.12     221.900
1963.01     224.200
1963.02     226.500
1963.03     229.400
1963.04     231.700
1963.05     234.000
1963.06     236.500
1963.07     238.300
1963.08     241.000
1963.09     243.600
1963.10     245.600
1963.11     248.400
1963.12     250.700
1964.01     252.800
1964.02     255.000
1964.03     257.100
1964.04     258.900
1964.05     261.400
1964.06     264.300
1964.07     266.500
1964.08     269.100
1964.09     272.000
1964.10     274.300
1964.11     277.000
1964.12     279.600
1965.01     282.700
1965.02     285.900
1965.03     288.400
1965.04     290.500
1965.05     292.800
1965.06     295.800
1965.07     298.300
1965.08     301.100
1965.09     304.400
1965.10     307.200
1965.11     309.800
1965.12     312.600
1966.01     314.300
1966.02     316.400
1966.03     318.500
1966.04     320.400
1966.05     322.300
1966.06     323.700
1966.07     325.700
1966.08     326.800
1966.09     328.400
1966.10     328.300
1966.11     328.600
1966.12     331.200
1967.01     335.100
1967.02     339.300
1967.03     342.900
1967.04     346.200
1967.05     349.800
1967.06     353.900
1967.07     357.500
1967.08     360.700
1967.09     364.100
1967.10     366.500
1967.11     369.400
1967.12     372.400
1968.01     373.700
1968.02     376.600
1968.03     379.100
1968.04     380.100
1968.05     381.600
1968.06     383.500
1968.07     387.000
1968.08     390.600
1968.09     394.500
1968.10     398.500
1968.11     402.600
1968.12     406.800
1969.01     406.400
1969.02     406.900
1969.03     407.800
1969.04     407.800
1969.05     407.800
1969.06     408.000
1969.07     405.500
1969.08     403.100
1969.09     403.700
1969.10     403.000
1969.11     403.100
1969.12     404.500
1970.01     402.400
1970.02     400.700
1970.03     402.300
1970.04     405.800
1970.05     409.700
1970.06     412.700
1970.07     422.000
1970.08     429.400
1970.09     437.100
1970.10     443.900
1970.11     450.300
1970.12     457.400
1971.01     464.500
1971.02     473.000
1971.03     482.200
1971.04     487.300
1971.05     494.500
1971.06     500.500
1971.07     507.100
1971.08     512.000
1971.09     518.400
1971.10     525.800
1971.11     532.600
1971.12     539.600
1972.01     546.000
1972.02     552.500
1972.03     558.000
1972.04     563.400
1972.05     571.400
1972.06     578.400
1972.07     586.700
1972.08     595.300
1972.09     603.600
1972.10     611.100
1972.11     619.300
1972.12     626.300
1973.01     633.200
1973.02     641.300
1973.03     650.500
1973.04     657.200
1973.05     664.500
1973.06     670.000
1973.07     677.000
1973.08     685.000
1973.09     690.400
1973.10     694.000
1973.11     698.000
1973.12     703.500
1974.01     710.900
1974.02     717.200
1974.03     722.800
1974.04     732.300
1974.05     739.400
1974.06     745.900
1974.07     751.300
1974.08     754.300
1974.09     757.800
1974.10     762.200
1974.11     765.300
1974.12     771.200
1975.01     777.700
1975.02     782.600
1975.03     788.700
1975.04     794.400
1975.05     801.800
1975.06     811.000
1975.07     819.000
1975.08     825.100
1975.09     832.500
1975.10     840.300
1975.11     849.000
1975.12     856.500
1976.01     863.100
1976.02     871.900
1976.03     880.400
1976.04     889.000
1976.05     896.200
1976.06     904.200
1976.07     912.600
1976.08     920.200
1976.09     930.000
1976.10     940.000
1976.11     950.700
1976.12     962.100
1977.01     972.900
1977.02     982.700
1977.03     991.500
1977.04    1000.900
1977.05    1010.500
1977.06    1020.800
1977.07    1031.100
1977.08    1042.500
1977.09    1052.200
1977.10    1062.400
1977.11    1072.800
1977.12    1082.900
1978.01    1092.700
1978.02    1101.500
1978.03    1111.900
1978.04    1123.000
1978.05    1133.800
1978.06    1142.200
1978.07    1150.200
1978.08    1160.600
1978.09    1171.300
1978.10    1179.100
1978.11    1190.700
1978.12    1198.800
1979.01    1204.800
1979.02    1210.900
1979.03    1217.500
1979.04    1223.900
1979.05    1227.900
1979.06    1233.000
1979.07    1240.000
1979.08    1250.100
1979.09    1261.800
1979.10    1270.200
1979.11    1275.300
1979.12    1281.500
1980.01    1284.800
1980.02    1291.100
1980.03    1299.400
1980.04    1311.300
1980.05    1317.600
1980.06    1318.900
1980.07    1322.400
1980.08    1331.200
1980.09    1342.200
1980.10    1353.700
1980.11    1370.900
1980.12    1389.300
1981.01    1403.000
1981.02    1409.900
1981.03    1413.200
1981.04    1414.400
1981.05    1423.700
1981.06    1431.000
1981.07    1436.200
1981.08    1445.000
1981.09    1451.000
1981.10    1458.500
1981.11    1464.200
1981.12    1471.100
1982.01    1478.800
1982.02    1491.400
1982.03    1504.500
1982.04    1517.900
1982.05    1523.800
1982.06    1529.400
1982.07    1539.500
1982.08    1545.500
1982.09    1549.500
1982.10    1554.700
1982.11    1560.100
1982.12    1576.100
1983.01    1619.000
1983.02    1647.000
1983.03    1661.300
1983.04    1679.700
1983.05    1689.100
1983.06    1701.100
1983.07    1711.300
1983.08    1723.800
1983.09    1737.700
1983.10    1752.200
1983.11    1770.500
1983.12    1785.800
1984.01    1801.200
1984.02    1820.200
1984.03    1838.200
1984.04    1857.600
1984.05    1877.400
1984.06    1895.100
1984.07    1912.000
1984.08    1925.200
1984.09    1940.000
1984.10    1960.800
1984.11    1977.700
1984.12    1996.900
1985.01    2010.800
1985.02    2024.300
1985.03    2035.500
1985.04    2045.900
1985.05    2057.100
1985.06    2067.700
1985.07    2073.300
1985.08    2081.300
1985.09    2091.900
1985.10    2103.000
1985.11    2112.900
1985.12    2123.500
1986.01    2138.500
1986.02    2146.900
1986.03    2154.200
1986.04    2165.500
1986.05    2172.600
1986.06    2179.100
1986.07    2189.800
1986.08    2200.800
1986.09    2211.000
1986.10    2214.300
1986.11    2214.900
1986.12    2220.100
1987.01    2231.900
1987.02    2236.500
1987.03    2241.900
1987.04    2246.600
1987.05    2254.600
1987.06    2264.400
1987.07    2270.900
1987.08    2278.600
1987.09    2287.100
1987.10    2298.400
1987.11    2313.700
1987.12    2327.500
1988.01    2337.600
1988.02    2359.600
1988.03    2378.000
1988.04    2391.300
1988.05    2404.200
1988.06    2417.600
1988.07    2430.500
1988.08    2439.700
1988.09    2452.000
1988.10    2465.800
1988.11    2475.300
1988.12    2483.600
1989.01    2492.300
1989.02    2499.100
1989.03    2507.400
1989.04    2520.300
1989.05    2527.300
1989.06    2537.500
1989.07    2548.300
1989.08    2557.500
1989.09    2562.500
1989.10    2569.000
1989.11    2578.100
1989.12    2586.200
1990.01    2589.100
1990.02    2587.200
1990.03    2589.100
1990.04    2589.400
1990.05    2587.000
1990.06    2588.800
1990.07    2593.200
1990.08    2592.000
1990.09    2587.200
1990.10    2584.800
1990.11    2582.100
1990.12    2575.400
1991.01    2582.700
1991.02    2590.300
1991.03    2591.300
1991.04    2589.200
1991.05    2586.000
1991.06    2582.400
1991.07    2574.700
1991.08    2565.000
1991.09    2555.300
1991.10    2544.700
1991.11    2533.300
1991.12    2524.400
1992.01    2517.900
1992.02    2511.200
1992.03    2504.800
1992.04    2492.000
1992.05    2477.100
1992.06    2464.900
1992.07    2456.000
1992.08    2447.300
1992.09    2441.400
1992.10    2430.100
1992.11    2417.300
1992.12    2406.700
1993.01    2390.800
1993.02    2381.500
1993.03    2369.400
1993.04    2368.200
1993.05    2370.600
1993.06    2365.700
1993.07    2355.100
1993.08    2350.400
1993.09    2344.300
1993.10    2340.000
1993.11    2335.300
1993.12    2333.500
1994.01    2335.700
1994.02    2328.700
1994.03    2324.300
1994.04    2319.900
1994.05    2318.000
1994.06    2314.700
1994.07    2315.400
1994.08    2316.300
1994.09    2320.000
1994.10    2323.000
1994.11    2325.300
1994.12    2326.700
1995.01    2327.900
1995.02    2338.200
1995.03    2350.400
1995.04    2357.600
1995.05    2375.900
1995.06    2395.400
