1948.01      2.034
1948.02      2.328
1948.03      2.399
1948.04      2.386
1948.05      2.118
1948.06      2.214
1948.07      2.213
1948.08      2.350
1948.09      2.302
1948.10      2.259
1948.11      2.285
1948.12      2.429
1949.01      2.596
1949.02      2.849
1949.03      3.030
1949.04      3.260
1949.05      3.707
1949.06      3.776
1949.07      4.111
1949.08      4.193
1949.09      4.049
1949.10      4.916
1949.11      3.996
1949.12      4.063
1950.01      4.026
1950.02      3.936
1950.03      3.876
1950.04      3.575
1950.05      3.434
1950.06      3.367
1950.07      3.120
1950.08      2.799
1950.09      2.774
1950.10      2.625
1950.11      2.589
1950.12      2.639
1951.01      2.305
1951.02      2.117
1951.03      2.125
1951.04      1.919
1951.05      1.856
1951.06      1.995
1951.07      1.950
1951.08      1.933
1951.09      2.067
1951.10      2.194
1951.11      2.178
1951.12      1.960
1952.01      1.972
1952.02      1.957
1952.03      1.813
1952.04      1.811
1952.05      1.863
1952.06      1.884
1952.07      1.991
1952.08      2.087
1952.09      1.936
1952.10      1.839
1952.11      1.743
1952.12      1.667
1953.01      1.839
1953.02      1.636
1953.03      1.647
1953.04      1.723
1953.05      1.596
1953.06      1.607
1953.07      1.660
1953.08      1.665
1953.09      1.821
1953.10      1.974
1953.11      2.211
1953.12      2.818
1954.01      3.077
1954.02      3.331
1954.03      3.607
1954.04      3.749
1954.05      3.767
1954.06      3.551
1954.07      3.659
1954.08      3.854
1954.09      3.927
1954.10      3.666
1954.11      3.402
1954.12      3.196
1955.01      3.157
1955.02      2.969
1955.03      2.918
1955.04      3.049
1955.05      2.747
1955.06      2.701
1955.07      2.632
1955.08      2.784
1955.09      2.678
1955.10      2.830
1955.11      2.780
1955.12      2.761
1956.01      2.666
1956.02      2.606
1956.03      2.764
1956.04      2.650
1956.05      2.861
1956.06      2.882
1956.07      2.952
1956.08      2.701
1956.09      2.635
1956.10      2.571
1956.11      2.861
1956.12      2.790
1957.01      2.796
1957.02      2.622
1957.03      2.509
1957.04      2.600
1957.05      2.710
1957.06      2.856
1957.07      2.796
1957.08      2.747
1957.09      2.943
1957.10      3.020
1957.11      3.454
1957.12      3.476
1958.01      3.875
1958.02      4.303
1958.03      4.492
1958.04      5.016
1958.05      5.021
1958.06      4.944
1958.07      5.079
1958.08      5.025
1958.09      4.821
1958.10      4.570
1958.11      4.188
1958.12      4.191
1959.01      4.068
1959.02      3.965
1959.03      3.801
1959.04      3.571
1959.05      3.479
1959.06      3.429
1959.07      3.528
1959.08      3.588
1959.09      3.775
1959.10      3.910
1959.11      4.003
1959.12      3.653
1960.01      3.615
1960.02      3.329
1960.03      3.726
1960.04      3.620
1960.05      3.569
1960.06      3.766
1960.07      3.836
1960.08      3.946
1960.09      3.884
1960.10      4.252
1960.11      4.330
1960.12      4.617
1961.01      4.671
1961.02      4.832
1961.03      4.853
1961.04      4.893
1961.05      5.003
1961.06      4.885
1961.07      4.928
1961.08      4.682
1961.09      4.676
1961.10      4.573
1961.11      4.295
1961.12      4.177
1962.01      4.081
1962.02      3.871
1962.03      3.921
1962.04      3.906
1962.05      3.863
1962.06      3.844
1962.07      3.819
1962.08      4.013
1962.09      3.961
1962.10      3.803
1962.11      4.024
1962.12      3.907
1963.01      4.074
1963.02      4.238
1963.03      4.072
1963.04      4.055
1963.05      4.217
1963.06      3.977
1963.07      4.051
1963.08      3.878
1963.09      3.957
1963.10      3.987
1963.11      4.151
1963.12      3.975
1964.01      4.029
1964.02      3.932
1964.03      3.950
1964.04      3.918
1964.05      3.764
1964.06      3.814
1964.07      3.608
1964.08      3.655
1964.09      3.712
1964.10      3.726
1964.11      3.551
1964.12      3.651
1965.01      3.572
1965.02      3.730
1965.03      3.510
1965.04      3.595
1965.05      3.432
1965.06      3.387
1965.07      3.301
1965.08      3.254
1965.09      3.216
1965.10      3.143
1965.11      3.073
1965.12      3.031
1966.01      2.988
1966.02      2.820
1966.03      2.887
1966.04      2.828
1966.05      2.950
1966.06      2.872
1966.07      2.876
1966.08      2.900
1966.09      2.798
1966.10      2.798
1966.11      2.770
1966.12      2.912
1967.01      2.968
1967.02      2.915
1967.03      2.889
1967.04      2.895
1967.05      2.929
1967.06      2.992
1967.07      2.944
1967.08      2.945
1967.09      2.958
1967.10      3.143
1967.11      3.066
1967.12      3.018
1968.01      2.878
1968.02      3.001
1968.03      2.877
1968.04      2.709
1968.05      2.740
1968.06      2.938
1968.07      2.883
1968.08      2.768
1968.09      2.686
1968.10      2.689
1968.11      2.715
1968.12      2.685
1969.01      2.718
1969.02      2.692
1969.03      2.712
1969.04      2.758
1969.05      2.713
1969.06      2.816
1969.07      2.868
1969.08      2.856
1969.09      3.040
1969.10      3.049
1969.11      2.856
1969.12      2.884
1970.01      3.201
1970.02      3.453
1970.03      3.635
1970.04      3.797
1970.05      3.919
1970.06      4.071
1970.07      4.175
1970.08      4.256
1970.09      4.456
1970.10      4.591
1970.11      4.898
1970.12      5.076
1971.01      4.986
1971.02      4.903
1971.03      4.987
1971.04      4.959
1971.05      4.996
1971.06      4.949
1971.07      5.035
1971.08      5.134
1971.09      5.042
1971.10      4.954
1971.11      5.161
1971.12      5.154
1972.01      5.019
1972.02      4.928
1972.03      5.038
1972.04      4.959
1972.05      4.922
1972.06      4.923
1972.07      4.913
1972.08      4.939
1972.09      4.849
1972.10      4.875
1972.11      4.602
1972.12      4.543
1973.01      4.326
1973.02      4.452
1973.03      4.394
1973.04      4.459
1973.05      4.329
1973.06      4.363
1973.07      4.305
1973.08      4.305
1973.09      4.350
1973.10      4.144
1973.11      4.396
1973.12      4.489
1974.01      4.644
1974.02      4.731
1974.03      4.634
1974.04      4.618
1974.05      4.705
1974.06      4.927
1974.07      5.063
1974.08      5.022
1974.09      5.437
1974.10      5.523
1974.11      6.140
1974.12      6.636
1975.01      7.501
1975.02      7.520
1975.03      7.978
1975.04      8.210
1975.05      8.433
1975.06      8.220
1975.07      8.127
1975.08      7.928
1975.09      7.923
1975.10      7.897
1975.11      7.794
1975.12      7.744
1976.01      7.534
1976.02      7.326
1976.03      7.230
1976.04      7.330
1976.05      7.053
1976.06      7.322
1976.07      7.490
1976.08      7.518
1976.09      7.380
1976.10      7.430
1976.11      7.620
1976.12      7.545
1977.01      7.280
1977.02      7.443
1977.03      7.307
1977.04      7.059
1977.05      6.911
1977.06      7.134
1977.07      6.829
1977.08      6.925
1977.09      6.751
1977.10      6.763
1977.11      6.815
1977.12      6.386
1978.01      6.489
1978.02      6.318
1978.03      6.337
1978.04      6.180
1978.05      6.127
1978.06      6.028
1978.07      6.309
1978.08      6.080
1978.09      6.125
1978.10      5.947
1978.11      6.077
1978.12      6.228
1979.01      6.109
1979.02      6.173
1979.03      6.109
1979.04      6.069
1979.05      5.840
1979.06      5.959
1979.07      5.996
1979.08      6.320
1979.09      6.190
1979.10      6.296
1979.11      6.238
1979.12      6.325
1980.01      6.683
1980.02      6.702
1980.03      6.729
1980.04      7.358
1980.05      7.984
1980.06      8.098
1980.07      8.363
1980.08      8.281
1980.09      8.021
1980.10      8.088
1980.11      8.023
1980.12      7.718
1981.01      8.071
1981.02      8.051
1981.03      7.982
1981.04      7.869
1981.05      8.174
1981.06      8.098
1981.07      7.863
1981.08      8.036
1981.09      8.230
1981.10      8.646
1981.11      9.029
1981.12      9.267
1982.01      9.397
1982.02      9.705
1982.03      9.895
1982.04     10.244
1982.05     10.335
1982.06     10.538
1982.07     10.849
1982.08     10.881
1982.09     11.217
1982.10     11.529
1982.11     11.938
1982.12     12.051
1983.01     11.534
1983.02     11.545
1983.03     11.408
1983.04     11.268
1983.05     11.154
1983.06     11.246
1983.07     10.548
1983.08     10.623
1983.09     10.282
1983.10      9.887
1983.11      9.499
1983.12      9.331
1984.01      9.008
1984.02      8.791
1984.03      8.746
1984.04      8.762
1984.05      8.456
1984.06      8.226
1984.07      8.537
1984.08      8.519
1984.09      8.367
1984.10      8.381
1984.11      8.198
1984.12      8.358
1985.01      8.423
1985.02      8.321
1985.03      8.339
1985.04      8.395
1985.05      8.302
1985.06      8.460
1985.07      8.513
1985.08      8.196
1985.09      8.248
1985.10      8.298
1985.11      8.128
1985.12      8.138
1986.01      7.795
1986.02      8.402
1986.03      8.383
1986.04      8.364
1986.05      8.439
1986.06      8.508
1986.07      8.319
1986.08      8.135
1986.09      8.310
1986.10      8.243
1986.11      8.159
1986.12      7.883
1987.01      7.892
1987.02      7.865
1987.03      7.862
1987.04      7.542
1987.05      7.574
1987.06      7.398
1987.07      7.268
1987.08      7.261
1987.09      7.102
1987.10      7.227
1987.11      7.035
1987.12      6.936
1988.01      6.953
1988.02      6.929
1988.03      6.876
1988.04      6.601
1988.05      6.779
1988.06      6.546
1988.07      6.605
1988.08      6.843
1988.09      6.604
1988.10      6.568
1988.11      6.537
1988.12      6.518
1989.01      6.682
1989.02      6.359
1989.03      6.205
1989.04      6.468
1989.05      6.375
1989.06      6.577
1989.07      6.495
1989.08      6.511
1989.09      6.590
1989.10      6.630
1989.11      6.725
1989.12      6.667
1990.01      6.611
1990.02      6.585
1990.03      6.490
1990.04      6.708
1990.05      6.599
1990.06      6.414
1990.07      6.708
1990.08      7.011
1990.09      7.115
1990.10      7.192
1990.11      7.503
1990.12      7.733
1991.01      7.820
1991.02      8.158
1991.03      8.465
1991.04      8.310
1991.05      8.539
1991.06      8.489
1991.07      8.364
1991.08      8.444
1991.09      8.465
1991.10      8.581
1991.11      8.671
1991.12      9.005
1992.01      9.019
1992.02      9.290
1992.03      9.290
1992.04      9.247
1992.05      9.502
1992.06      9.771
1992.07      9.595
1992.08      9.590
1992.09      9.534
1992.10      9.210
1992.11      9.313
1992.12      9.314
1993.01      9.046
1993.02      8.958
1993.03      8.878
1993.04      8.954
1993.05      8.895
1993.06      8.869
1993.07      8.732
1993.08      8.642
1993.09      8.540
1993.10      8.639
1993.11      8.330
1993.12      8.237
1994.01      8.740
1994.02      8.576
1994.03      8.546
1994.04      8.385
1994.05      7.996
1994.06      7.903
1994.07      7.993
1994.08      7.889
1994.09      7.647
1994.10      7.505
1994.11      7.315
1994.12      7.155
1995.01      7.498
1995.02      7.183
1995.03      7.237
1995.04      7.665
1995.05      7.492
1995.06      7.384
